bin_selection,time,x,xerr,x2,xerr2,n,v,verr,diodes_diode,diodes_diodeerr,diodes_m2,diodes_m2err,y,yerr
1,77683783.77289587,13002.729482216811,5.787654292094301e-05,12816.471106158868,2.943482044430161e-06,528.0,39991.49014583362,0.014661159036495881,0.05347084317386262,0.0015013536377693434,0.027178860009429543,0.030926985960095615,38.0,6.164414002968976
2,77683779.51319873,13002.729681089675,6.203176413056786e-05,12816.47110805201,3.3357723618676484e-06,593.0,39991.41990000009,0.0,0.05725663773113443,0.0017817053435331812,0.0231860217866264,0.030754553989754643,50.0,7.0710678118654755
3,77683775.21980292,13002.72988311208,5.3693839558328155e-05,12816.47110497828,2.380456958593351e-06,521.0,39991.50195374277,0.02555922591268798,0.06114370452145627,0.0016228313985901688,0.02283565578311524,0.031194929186386357,40.0,6.324555320336759
4,77683771.238399,13002.73008440548,5.763195241958369e-05,12816.47110663319,4.11590803716405e-06,515.0,39991.49516213585,0.011045502949893619,0.06580730893100832,0.002754449401413109,0.02619134744810656,0.029160058761000803,26.0,5.0990195135927845
5,77683767.26887564,13002.730277930372,5.0677556646837466e-05,12816.47110699279,3.5046475436134404e-06,520.0,39991.47443326959,0.016514052776149972,0.07067305518543175,0.0023385563723314125,0.029289217049362958,0.029786552663328577,57.0,7.54983443527075
6,77683763.28285117,13002.730479641592,5.989989274208525e-05,12816.471107266283,3.149743146995024e-06,523.0,39991.46116443592,0.02828497354278698,0.07737161160972549,0.002744264826682095,0.026599390815834185,0.031337189468152754,43.0,6.557438524302
7,77683759.31806783,13002.730685408635,5.5227631271119564e-05,12816.471104957824,5.286815895072704e-06,517.0,39991.554400000365,0.0,0.08662093239054185,0.0026625240768580016,0.024597561733694692,0.02946768465994355,34.0,5.830951894845301
8,77683755.1976368,13002.730877952794,6.025674986063522e-05,12816.471106962157,2.60467282829138e-06,555.0,39991.57370522533,0.00911379471978078,0.09581901158707319,0.004151806433376405,0.023818280446172176,0.03272674731756346,34.0,5.830951894845301
9,77683750.96170235,13002.731093099175,5.70720747101808e-05,12816.47110691529,5.467978157611307e-06,560.0,39991.538095000236,0.03129251644108488,0.10753302011515288,0.004491041659666375,0.03594313919491165,0.029363819666652902,45.0,6.708203932499369
10,77683746.79382192,13002.731277925406,5.3357240018815117e-05,12816.471105313865,5.298829017707484e-06,525.0,39991.53590552346,0.02756286755019955,0.1191424526042896,0.0038130705086583732,0.030494215823075814,0.029308149023809578,47.0,6.855654600401044
11,77683742.79869378,13002.731487774183,5.910781371019513e-05,12816.471106686522,5.2104646018326115e-06,511.0,39991.56282876716,0.019781335393338022,0.1328935175018953,0.005255511336462131,0.02936678153345239,0.030722922764729415,37.0,6.082762530298219
12,77683738.83901472,13002.731685097766,5.887901677200705e-05,12816.471106578694,4.067605112012394e-06,515.0,39991.507599999764,0.0,0.14921824281492696,0.003339145872366588,0.030439336372106045,0.03279262215779063,37.0,6.082762530298219
13,77683735.1617992,13002.73188739248,5.131258942034091e-05,12816.47110674929,4.869392897508057e-06,453.0,39991.52741810168,0.009947371644494314,0.15726864424416012,0.0036678324153341805,0.03700655937186469,0.031333952460514104,42.0,6.48074069840786
14,77683731.4429291,13002.73208792805,6.326298366679748e-05,12816.47110523039,4.555553423877104e-06,510.0,39991.490779216234,0.04959419248679897,0.16554526293342153,0.0024589248936006903,0.0326439446871475,0.03213941665948665,60.0,7.745966692414834
15,77683727.77283733,13002.732285637921,5.940151879098477e-05,12816.471107831412,3.5113509932313577e-06,446.0,39991.43180000026,0.0,0.16721410112236673,0.0025158727620968654,0.03636112123623398,0.033827925203576234,60.0,7.745966692414834
16,77683724.06297715,13002.732483585383,6.132265354640557e-05,12816.471105412687,3.9386703392441456e-06,521.0,39991.58017927036,0.017332367238188307,0.16477626880723167,0.003944834134085198,0.030366956156685793,0.03008090344345029,36.0,6.0
17,77683720.0827065,13002.732689798739,5.4323597092647e-05,12816.471104144786,4.531420952562442e-06,522.0,39991.54812950172,0.021250902451189626,0.1544629563708661,0.004303961492995839,0.0372964044688213,0.02982452098489713,41.0,6.4031242374328485
18,77683716.23932761,13002.732881734733,5.272320832039758e-05,12816.471106357447,3.25992838207427e-06,483.0,39991.53143830227,0.004303246257987921,0.14506849446454778,0.00515325022669535,0.0354782359701343,0.031226603669631578,83.0,9.1104335791443
19,77683712.39152296,13002.733085309312,5.381915359344476e-05,12816.47110657867,4.60387947803508e-06,522.0,39991.52328180068,0.008967800914406014,0.13291362137670437,0.004632779806217094,0.03183187942716129,0.031060225710559147,49.0,7.0
20,77683708.26864754,13002.733278778816,5.709614487097905e-05,12816.471106842635,4.694126951062092e-06,556.0,39991.49480000024,0.0,0.12176709985772004,0.002613836366948253,0.02412513692455202,0.031936585933941525,55.0,7.416198487095663
21,77683704.00746246,13002.733485278855,5.717220097633033e-05,12816.471107107092,3.6077162256921124e-06,558.0,39991.59533763491,0.034272608408472315,0.11054976671887509,0.0034266267584797563,0.031190362005797896,0.03053113168134468,53.0,7.280109889280518
22,77683699.89239377,13002.733688540666,5.4696345412946875e-05,12816.471108378235,4.639133301965763e-06,515.0,39991.54044077717,0.04615289139848835,0.10059278816948486,0.0033928204372389546,0.030402930497039116,0.030510893764511087,66.0,8.12403840463596
23,77683696.05825917,13002.733877318164,5.291090323947745e-05,12816.471108463395,3.2174415303071333e-06,485.0,39991.505906185615,0.003534417964037325,0.09273207239524674,0.003209547322989363,0.024632005978291918,0.03172119590064467,77.0,8.774964387392123
24,77683692.07696201,13002.734075287579,5.908415628188197e-05,12816.471105623226,5.033319284264145e-06,556.0,39991.50171330935,0.0017327588325183076,0.08598944013438285,0.002607229332411085,0.023715749056000775,0.03029608139370027,99.0,9.9498743710662
25,77683687.96300468,13002.734281236777,5.893885488734873e-05,12816.471104493208,3.405102027200956e-06,516.0,39991.50659999997,0.0,0.08054990321603267,0.0017460253439459715,0.026587513071455293,0.03184893352044028,85.0,9.219544457292887
26,77683684.10559882,13002.734480867253,5.4332617980470955e-05,12816.471106355602,3.127664318282234e-06,487.0,39991.478869404695,0.012214874407452562,0.07529496515608537,0.0015250578405512309,0.028775329330081555,0.03163778412102966,71.0,8.426149773176359
27,77683680.4057574,13002.734674455325,5.915354044385349e-05,12816.471107683696,3.519101135237919e-06,478.0,39991.472303347226,0.0012972431874762247,0.07078578812703082,0.0017650688287972971,0.025740940205311487,0.031288963824213076,67.0,8.18535277187245
28,77683676.5958382,13002.734888545803,5.861110976199348e-05,12816.471109861814,5.488426074360012e-06,514.0,39991.46906789835,0.004507442486148945,0.06660849380907895,0.00216116103776008,0.02805647484583816,0.029551448206611028,107.0,10.344080432788601
29,77683672.74691068,13002.735084701102,5.349874652652929e-05,12816.471106847743,3.61918708694224e-06,489.0,39991.45800000026,0.0,0.0626660539355528,0.0016755499765230895,0.02360610568706477,0.031343358703599174,118.0,10.862780491200215
30,77683669.06749521,13002.735277941745,5.316496001807964e-05,12816.471106366462,3.7693507568214157e-06,476.0,39991.39133697502,0.03528473739364086,0.05987042197568546,0.0016252602552825717,0.024699084288433325,0.029854944304869176,113.0,10.63014581273465
31,77683665.24091396,13002.73548590318,6.309421692820615e-05,12816.471105000734,4.408517460027685e-06,527.0,39991.40722998071,0.038824375602994066,0.05830459328989847,0.001413490412397805,0.021126126482517636,0.03150600249665783,115.0,10.723805294763608
32,77683661.52695094,13002.735687737691,5.829472863791417e-05,12816.47110581511,4.951547347334092e-06,453.0,39991.451816777015,0.005699986901825807,0.05634590820054879,0.0012592680702778537,0.024433150738594697,0.028907434976944733,253.0,15.905973720586866
33,77683657.95376314,13002.735879596126,5.932565213719465e-05,12816.471104603452,3.468799890282369e-06,482.0,39991.48369999983,0.0,0.05514973153004502,0.0013286929242570709,0.023528763874976138,0.02972584618642437,230.0,15.165750888103101
34,77683654.39772427,13002.736080555827,5.361372964344237e-05,12816.47110559387,2.6272479725981687e-06,442.0,39991.48458371025,0.000676228550793918,0.05373918135653324,0.0012161376099866072,0.02634942262932037,0.029210464974352018,249.0,15.7797338380595
35,77683650.70967533,13002.736276840853,5.7769674803136765e-05,12816.47110679926,1.515219713393935e-06,520.0,39991.495017307585,0.01676390771419308,0.053584502334935655,0.0011084147577948322,0.022665070331028724,0.03187192901660069,283.0,16.822603841260722
36,77683646.77755208,13002.73648265672,5.417997568343781e-05,12816.471105973444,3.817860516284865e-06,517.0,39991.52329999963,0.0,0.05275448965678521,0.0011028631411051678,0.02206409991197966,0.03159470732927228,222.0,14.89966442575134
37,77683642.9151706,13002.736675411186,5.653995815122628e-05,12816.471105930048,3.263715107841797e-06,487.0,39991.462663038605,0.010052319379827007,0.05147961317719211,0.0011650951377161337,0.02294982140730005,0.030514507981547086,250.0,15.811388300841896
38,77683639.07521555,13002.73687997564,5.466324025399717e-05,12816.471107914917,3.51811305862965e-06,508.0,39991.44557322817,0.012036771070045445,0.050643989500252,0.0010455805982231396,0.0234030064410886,0.03136006896907262,300.0,17.320508075688775
39,77683634.95816334,13002.737077375214,6.303144384241696e-05,12816.47110546564,3.765734675996102e-06,566.0,39991.45849894015,0.027274395262213647,0.048785920021803694,0.0012827245247586314,0.027896532352319314,0.031666568123295866,172.0,13.114877048604
40,77683630.97216797,13002.737291739735,5.39724756302087e-05,12816.471105653996,3.1639154406002656e-06,476.0,39991.48598823555,0.019751948820391118,0.04655358891733372,0.001335371228005667,0.02600443935818754,0.030322513636865753,86.0,9.273618495495704
41,77683627.00089686,13002.737487339027,5.9632658731052515e-05,12816.471105096736,2.6673273624328654e-06,566.0,39991.41899999983,0.0,0.04497474724889257,0.0011785905961067232,0.022610985500729222,0.030600620058038784,148.0,12.165525060596439
42,77683622.99752857,13002.737689177953,5.632741232271581e-05,12816.471104502454,2.793009784158903e-06,477.0,39991.47957295566,0.02429883980033273,0.04379358883565031,0.001113441561684968,0.01925209137063369,0.03069765006703718,93.0,9.643650760992955
43,77683619.29188031,13002.737883338636,5.475327089523029e-05,12816.471106314557,2.4874285675529512e-06,479.0,39991.49820167019,0.009156192174789636,0.04253000294447535,0.001202667369899731,0.023506991738402056,0.03151882906842209,93.0,9.643650760992955
44,77683615.5944623,13002.738081887188,5.593988160660923e-05,12816.471106916073,4.776750866857468e-06,487.0,39991.496212320184,0.03227963804273158,0.04182649323674438,0.0010871840032738815,0.02384610534814417,0.03022105558679554,66.0,8.12403840463596
45,77683611.91070607,13002.738277936618,5.6752978379673726e-05,12816.471106235385,3.6429237058429403e-06,483.0,39991.404899999805,0.0,0.04048369434299852,0.0012859322462686843,0.02366739700215727,0.029418995644158157,69.0,8.306623862918075
46,77683608.08580658,13002.738474429236,5.728302848205743e-05,12816.471108384432,4.196690781341227e-06,515.0,39991.46454388316,0.035048993167906474,0.0393913453458624,0.001250945104606358,0.020524807470328074,0.030895349752681562,43.0,6.557438524302
47,77683604.10429573,13002.73867970953,6.328407271050236e-05,12816.471108215605,3.2321228635006985e-06,522.0,39991.44331819927,0.04412872847509308,0.03834746845798492,0.0012141248274954075,0.024177007388788977,0.02926947660375155,72.0,8.48528137423857
48,77683600.24685203,13002.738888237276,5.74231418828523e-05,12816.471106215069,3.958237455269657e-06,482.0,39991.399070539606,0.005808689748764426,0.03798531116200907,0.0012330955603701407,0.022223279780847132,0.030025721068422547,59.0,7.681145747868608
49,77683596.55615632,13002.739088174174,5.4048434507600074e-05,12816.471106677694,3.953139793632118e-06,489.0,39991.413899999505,0.0,0.03720592016866757,0.0011652221312632403,0.0234991529393576,0.030409680539710167,59.0,7.681145747868608
50,77683592.68675777,13002.7392835473,5.533737770799709e-05,12816.471106566081,3.660064167054536e-06,521.0,39991.4236648752,0.005172959884501462,0.036604001621224326,0.0010072087058019766,0.025194356285890906,0.03249945363803553,49.0,7.0
51,77683588.87342504,13002.739485582517,5.284288113578765e-05,12816.471107427265,3.565564186393026e-06,484.0,39991.49403719007,0.07324913399504258,0.035771309999199925,0.001020162157383222,0.02327672247936736,0.030249073213952832,56.0,7.483314773547883
52,77683585.03112513,13002.73968732293,5.281952736094116e-05,12816.47110680668,2.841352356417743e-06,521.0,39991.56079347409,0.02894351054036677,0.03564688439452073,0.0011213442757943444,0.02531809966676536,0.031486033782083075,64.0,8.0
53,77683581.07204571,13002.739877319944,5.473149904959735e-05,12816.471107699366,4.165609799293685e-06,507.0,39991.49340000003,0.0,0.03529058607177331,0.0011915345255228268,0.0262803660076513,0.029966069168926596,55.0,7.416198487095663
54,77683576.96378902,13002.740081289023,5.917917482450816e-05,12816.471106046201,4.391584402834729e-06,568.0,39991.52992816882,0.01415021137898873,0.03524162279763905,0.0010929534713467043,0.020340740635926995,0.030910653113918,76.0,8.717797887081348
55,77683573.12421468,13002.740278665406,5.448324646240444e-05,12816.471106076884,3.952995085284329e-06,441.0,39991.51332380939,0.017926491315774062,0.034515248561847005,0.0011005407479855896,0.02657542730492241,0.029355741455198738,55.0,7.416198487095663
56,77683569.42023222,13002.74047915083,5.909700261874178e-05,12816.47110762422,3.8351402322490245e-06,524.0,39991.527486640975,0.05103296064888865,0.034736791438636457,0.0010011494919703867,0.02160218466866487,0.03086179810824656,40.0,6.324555320336759
57,77683565.4082683,13002.740680793535,5.3019082266371336e-05,12816.471108340525,4.188337013914787e-06,520.0,39991.6180999999,0.0,0.03463622921233014,0.0011428452972670339,0.022000884491117513,0.03118651874244134,38.0,6.164414002968976
58,77683561.46871455,13002.740884450166,6.260624667940751e-05,12816.471106591167,4.390133995692943e-06,513.0,39991.52796666658,0.01769385486457514,0.03488013763517207,0.001102522307046019,0.01852916854676423,0.03098445319848249,39.0,6.244997998398398
59,77683557.49477617,13002.74108487277,6.310196031566174e-05,12816.471106671697,3.248175192230675e-06,527.0,39991.49173719171,0.022728282189663235,0.034479940589530744,0.0010257417492025866,0.02160797477948729,0.02972377450271194,50.0,7.0710678118654755
60,77683553.49796332,13002.741286726781,5.655126170683642e-05,12816.471105760926,6.115098591370484e-06,520.0,39991.49595999981,0.024469447274695855,0.03435853627683545,0.0010968630007537033,0.02438815814399891,0.030346296516158278,69.0,8.306623862918075
61,77683549.50504684,13002.74148975597,5.251717195907022e-05,12816.471108659507,3.384076599789568e-06,530.0,39991.52956377357,0.009175619509286484,0.034177588900944855,0.0010612866162297968,0.023754848298150923,0.03051536118968492,67.0,8.18535277187245
62,77683545.66020717,13002.741681240406,5.393567936343473e-05,12816.471107315767,4.064656885171135e-06,474.0,39991.55249999998,0.0,0.034267882983952294,0.0011673072760898266,0.02147430535737574,0.030278225565324522,54.0,7.3484692283495345
63,77683541.98220244,13002.741879517718,5.399446509003083e-05,12816.471105938906,3.7058238326465472e-06,490.0,39991.535539999546,0.009615148241430047,0.03368635955536048,0.0011841285191849348,0.023404272363724263,0.030423361967013507,52.0,7.211102550927978
64,77683538.12422998,13002.742079690206,5.341602023599281e-05,12816.471106569528,3.3716842687047026e-06,520.0,39991.506891730336,0.02618722622591573,0.033197159899940355,0.0011645177962287293,0.023447544489206964,0.030336492944319313,60.0,7.745966692414834
65,77683534.13925911,13002.742277007002,5.380690964192087e-05,12816.471107462632,2.8613412904766344e-06,520.0,39991.480128846146,0.006136103604062244,0.03312631341071383,0.0011137030391398571,0.023246391067394307,0.030614753740029543,32.0,5.656854249492381
66,77683530.16764449,13002.74247502724,5.520261501758207e-05,12816.47110689135,4.552947030193362e-06,521.0,39991.49389999992,0.0,0.03320800322997446,0.0010956470516261254,0.025106599500879786,0.03314432890231613,75.0,8.660254037844387
67,77683525.77536081,13002.742681429787,6.726081676356543e-05,12816.471106493698,3.1929311893020718e-06,633.0,39991.54803902091,0.017208134219319788,0.033261997588369875,0.0011201802978647035,0.017806438772622425,0.03097124966058566,44.0,6.6332495807108
68,77683521.52087002,13002.742891004209,5.796525396517292e-05,12816.471107221696,4.215011058443033e-06,484.0,39991.49392045431,0.030243603346399323,0.03271919180213583,0.001315980793249815,0.021533528725640506,0.030640443450090198,48.0,6.928203230275509
69,77683517.79934794,13002.743086144315,5.4710301959070097e-05,12816.47111029305,3.6778231045336665e-06,482.0,39991.48718755133,0.00986651924963688,0.03297560976257242,0.0011782626317346611,0.02115391565887154,0.031182439675858407,69.0,8.306623862918075
70,77683514.08705711,13002.743285410452,5.430114390518518e-05,12816.471108352363,3.0662291198000606e-06,484.0,39991.498561983826,0.00026586510143544284,0.03292443332852383,0.0011254019775761529,0.023801379635412144,0.03171198496968964,61.0,7.810249675906654
71,77683510.42938393,13002.74347813175,5.512315472296232e-05,12816.471109274948,3.5837419264333822e-06,470.0,39991.49969999999,0.0,0.03244499467530573,0.0010907063091928565,0.026053952372297354,0.030784559980157035,60.0,7.745966692414834
72,77683506.44008467,13002.743682483635,5.3412471454117854e-05,12816.471108738446,4.496053953490363e-06,568.0,39991.510084506655,0.00662216145336487,0.032464247979917565,0.0012636897358769459,0.021162486851553627,0.03075058364053272,49.0,7.0
73,77683502.28907295,13002.743878026104,5.176270076831655e-05,12816.471109972015,2.1702155317871084e-06,518.0,39991.52069961393,0.00650550726741209,0.03292579254393359,0.0011361366393319887,0.02304582379677679,0.030618439746828995,51.0,7.14142842854285
74,77683498.44673082,13002.744079224878,5.728017501615001e-05,12816.471106446348,3.6515953000332014e-06,488.0,39991.52230942637,0.01111608863407682,0.032247711172628604,0.001310319205884225,0.021694311661072684,0.031862351364414454,50.0,7.0710678118654755
75,77683494.45022589,13002.744275288756,6.086427405390104e-05,12816.471108390018,4.757560750585517e-06,554.0,39991.497600000264,0.0,0.03225783876322898,0.0011051458851610272,0.028964381445142087,0.03339773005728136,73.0,8.54400374531753
76,77683490.47409765,13002.744480101092,5.1216193550376293e-05,12816.471107323458,5.050840224364319e-06,484.0,39991.631736363364,0.03451662665284025,0.032715114155877904,0.001182043606913959,0.020377516022857624,0.030318498735621584,47.0,6.855654600401044
77,77683486.48963618,13002.74467389251,6.0171884939961984e-05,12816.47111038877,4.0353540704373985e-06,557.0,39991.57037522433,0.05447084127885588,0.03277933891401515,0.001105782797730779,0.021749254759167256,0.031028703168190674,57.0,7.54983443527075
78,77683482.50652973,13002.744880417167,5.799760481116657e-05,12816.47110949733,3.873176382467998e-06,480.0,39991.494660833625,0.0459641319489263,0.03281409335448132,0.0011658677391880614,0.0228982206492673,0.032639840039244285,60.0,7.745966692414834
79,77683478.85105006,13002.745087220117,5.688213879432167e-05,12816.471109586852,2.9318843531255673e-06,475.0,39991.43180000027,0.0,0.031908532841408946,0.0009001689412887291,0.02255999247202727,0.03229983931326047,46.0,6.782329983125268
80,77683475.17125352,13002.745278783676,5.6426147736360456e-05,12816.471110575136,6.0880347107997786e-06,487.0,39991.51175544198,0.018222564533661705,0.0320490958155635,0.0011482487577798971,0.021834700997041434,0.030832037536791132,53.0,7.280109889280518
81,77683471.3086883,13002.745476196824,5.6958898976458994e-05,12816.471108679734,3.5419485019235408e-06,519.0,39991.452744316215,0.050463491530846345,0.03200935137680911,0.0010366745628552908,0.020822558265940084,0.03405151582014104,41.0,6.4031242374328485
82,77683467.20211266,13002.745676514234,5.9587816747983424e-05,12816.471108942816,3.0300416361034537e-06,555.0,39991.46114576595,0.06288828095502208,0.03217666158470004,0.0010004769372959886,0.024405613327644394,0.0308799130036129,77.0,8.774964387392123
83,77683463.21112059,13002.745882982925,6.324931627268877e-05,12816.471110251676,3.0021276639568615e-06,485.0,39991.54301587669,0.0027424154480806574,0.03252022508663079,0.0013366785342083345,0.024804948626050146,0.032198134229959895,58.0,7.615773105863909
84,77683459.36727656,13002.746083891478,5.680378942746791e-05,12816.471111805542,2.883519201988701e-06,518.0,39991.55350000029,0.0,0.03276767748218702,0.0011655326824817581,0.023125198836319746,0.03187181244481336,57.0,7.54983443527075
85,77683455.38576466,13002.746291913209,5.49771003248681e-05,12816.471111781957,3.040388749722361e-06,527.0,39991.502463947,0.027289182073190574,0.03327656812686032,0.0010803918500053864,0.018930970377845854,0.029099210330596457,92.0,9.591663046625438
86,77683451.5502206,13002.746480746353,4.852021072054335e-05,12816.471110679775,4.648678915933288e-06,481.0,39991.50088128904,0.013977424637289938,0.03341337504208425,0.0010997966905036286,0.019648230559054573,0.03134664710986527,60.0,7.745966692414834
87,77683447.40916966,13002.746678192138,5.9773133768207535e-05,12816.471112189147,3.7979642619584124e-06,592.0,39991.52344054117,0.012671979490102053,0.03340307460536857,0.0011029191100328677,0.02581712362681703,0.030868614463321023,70.0,8.366600265340756
88,77683443.12878135,13002.74688360747,6.048637537483955e-05,12816.471109550735,5.397302835873203e-06,520.0,39991.54328000034,0.008876436301187049,0.033662722543341975,0.0010436650139460906,0.02261699592350049,0.03133129602525725,84.0,9.16515138991168
89,77683439.30789949,13002.747081416785,5.426232163303306e-05,12816.471107415571,3.159643248892849e-06,482.0,39991.48790000006,0.0,0.03419033098402818,0.0009237222873880736,0.02250375755410725,0.03145939382582626,81.0,9.0
90,77683435.46519253,13002.747282932967,5.5083430470850935e-05,12816.47110853774,4.559586247046288e-06,523.0,39991.54371644384,0.03826581707776378,0.034827046422672196,0.0010606616068368142,0.020488711794831357,0.02980340758713116,60.0,7.745966692414834
91,77683431.66162905,13002.747475660835,5.552316984606324e-05,12816.471109820119,4.2677434922192905e-06,478.0,39991.561479498014,0.01182794891240443,0.035184950728158006,0.0011687993465242697,0.01974243825937553,0.029346518288627072,68.0,8.246211251235321
92,77683427.8244112,13002.747675754645,6.336863691633626e-05,12816.471110525481,4.11957890702336e-06,519.0,39991.54345973034,0.006408495863539851,0.035729620846129996,0.001214982757995578,0.021662312420462997,0.03042842540181326,63.0,7.937253933193772
93,77683423.9695643,13002.747883491455,6.0750510466298334e-05,12816.471113325942,4.159750968712884e-06,479.0,39991.51500000027,0.0,0.03639157617458228,0.0013127159967519437,0.02205530427320394,0.029828323702830093,92.0,9.591663046625438
94,77683420.27533874,13002.748086074138,5.657988059745205e-05,12816.47110991739,5.958244339625947e-06,486.0,39991.49723703735,0.012399020025808085,0.036908825068518246,0.0012028047872690436,0.02338478850136848,0.03138974454058745,93.0,9.643650760992955
95,77683416.42429645,13002.748292392042,5.853121205651049e-05,12816.471112448859,3.755101234184741e-06,517.0,39991.51851412039,0.041146081856429643,0.03785210973194146,0.0012017568120131726,0.024325255946658443,0.03050917166054484,77.0,8.774964387392123
96,77683412.72640084,13002.748485908416,5.194637067277092e-05,12816.471112548365,2.720539515911963e-06,447.0,39991.57499999966,0.0,0.037960557511078706,0.0012590975922691571,0.022004135021978607,0.03169174667241329,75.0,8.660254037844387
97,77683409.03920479,13002.748694666918,5.8658201053364536e-05,12816.471111399112,3.6300208387933696e-06,518.0,39991.49033513544,0.022813046443673362,0.03894432489885366,0.0014657624342792046,0.025956664937794322,0.03184667566821289,221.0,14.866068747318506
98,77683405.07322319,13002.748889170167,5.435105300643908e-05,12816.471112037643,3.4926033331303693e-06,522.0,39991.50111934875,0.012338493266282244,0.04006269414954954,0.0013125739433641093,0.024584074180966205,0.03010183982435049,232.0,15.231546211727817
99,77683401.09929778,13002.749080682368,5.535183211141391e-05,12816.471111044324,2.2950447171426915e-06,520.0,39991.500553076614,0.012236284434910493,0.04119079458752724,0.0011532341296376623,0.024385627910372572,0.02999590825505811,184.0,13.564659966250536
100,77683397.09774336,13002.749275432874,5.619032755140072e-05,12816.47111416222,2.9872686302928656e-06,526.0,39991.49338003807,0.024839344379216307,0.04224464573727925,0.0011267560728485577,0.025383537364522278,0.03010583975605053,333.0,18.24828759089466
101,77683393.24707483,13002.749469705861,5.7168108110742146e-05,12816.471112598621,5.104072696615377e-06,483.0,39991.565999999744,0.0,0.04455820565349504,0.0012933399676611178,0.026087042449418486,0.031508020545242155,233.0,15.264337522473747
102,77683389.29581086,13002.749676165393,5.900750817632593e-05,12816.47111411359,4.710198026070717e-06,554.0,39991.556717508785,0.0051186713122116645,0.046692765289288986,0.0013325029060733788,0.01724817527296496,0.03165981313007184,502.0,22.40535650240808
103,77683385.0054376,13002.749888575554,5.903427372726483e-05,12816.471110793198,4.313718130948307e-06,559.0,39991.49907441838,0.046562715323184414,0.04894745543216693,0.0013474261751449082,0.023662790716464908,0.030301174032353596,502.0,22.40535650240808
104,77683380.75349651,13002.750089748277,6.294512498353169e-05,12816.471112782228,3.911982226627977e-06,549.0,39991.476883424635,0.02206439394721433,0.051988761433920394,0.0015339547392136724,0.029022967783558028,0.032307809710770775,478.0,21.863211109075447
105,77683376.80110773,13002.7502872372,5.6467046856302136e-05,12816.47111415,3.891925405313484e-06,489.0,39991.501449897914,0.012799095650584744,0.054917025094955746,0.0014250857516501633,0.024353429555628348,0.03123453126902637,318.0,17.832554500127006
106,77683372.9471857,13002.750484008448,5.9061615211315176e-05,12816.471114536975,3.525107605886206e-06,506.0,39991.45540000002,0.0,0.059287657248982446,0.0016909904279722688,0.026305586284693656,0.03267305980574137,493.0,22.20360331117452
107,77683369.26328066,13002.750678035147,5.6866808058075416e-05,12816.471114598457,3.3984642471049852e-06,455.0,39991.46810153844,0.007567247552409489,0.0627601167617711,0.0018601557554197656,0.02153396636256199,0.03035232188923264,301.0,17.349351572897472
108,77683365.67164879,13002.750876891734,5.393152800747647e-05,12816.471113359681,2.988794650817176e-06,490.0,39991.479713061526,0.010369849348380733,0.06779842787843227,0.002364326550535385,0.022847105002112986,0.030073545356667324,261.0,16.15549442140351
109,77683361.99148043,13002.751075397113,5.5620629811230504e-05,12816.471114752741,2.9677892349321482e-06,482.0,39991.494800000066,0.0,0.0733896579604893,0.0026911083547196315,0.02679076805988451,0.03137251239171831,150.0,12.24744871391589
110,77683358.15413155,13002.751281133953,5.9242807873247316e-05,12816.471113945108,4.816524014217244e-06,527.0,39991.489308159515,0.0013021442654754798,0.08077857287302803,0.003423379263102036,0.029950441756570426,0.03128026767911045,96.0,9.797958971132712
111,77683354.31033139,13002.751481490379,4.965617320582843e-05,12816.471113788424,3.290524946044833e-06,484.0,39991.56654876041,0.057638265290106024,0.0900719658964508,0.003215280412616482,0.024331473634238668,0.030271622702719634,95.0,9.746794344808963
112,77683350.45895053,13002.751678006744,6.028063778837023e-05,12816.47111458979,4.411493232058749e-06,522.0,39991.57154904209,0.05509349277607632,0.0988907769196737,0.0033208900454492415,0.030124215355866006,0.03191516850894668,97.0,9.848857801796104
113,77683346.62706769,13002.75188317437,5.570719908557912e-05,12816.471113583755,3.1094477614517584e-06,471.0,39991.4913000001,0.0,0.11260998990300881,0.003341134554780363,0.025638349139445946,0.029419144025947724,65.0,8.06225774829855
114,77683342.95273991,13002.752080514138,5.631958038411107e-05,12816.471114190594,4.275412099689117e-06,483.0,39991.531060869806,0.007830972451224442,0.12414091036378067,0.0034112769393175287,0.02799728884517408,0.031197274370004646,44.0,6.6332495807108
115,77683339.23587629,13002.75228183471,5.540435233981882e-05,12816.471114965805,4.249735654920208e-06,487.0,39991.51871375785,0.011505745377373495,0.13804024575318277,0.004792448258665389,0.03282718115101344,0.0305141169857363,57.0,7.54983443527075
116,77683335.55543375,13002.752477610333,5.5296950858894755e-05,12816.471112912313,2.6036406457604343e-06,482.0,39991.502778422866,0.01210691935029433,0.1509400555411247,0.004133611792448913,0.03425106715951455,0.03195471964973206,79.0,8.888194417315589
117,77683331.7347513,13002.752679227906,5.301355083756561e-05,12816.471112629824,2.4453926208554214e-06,516.0,39991.48000000035,0.0,0.1608152310172715,0.0022883352364210614,0.03363528726744758,0.027772854695281755,76.0,8.717797887081348
118,77683327.58618422,13002.752880035741,6.115235695748855e-05,12816.471117472132,5.126998609597578e-06,568.0,39991.4892957745,0.002560833010066293,0.1668437898330449,0.002316066564178545,0.03838035758451938,0.03077362573507121,63.0,7.937253933193772
119,77683323.58135566,13002.753085714288,5.93694169354771e-05,12816.471114411886,3.3625466922135005e-06,484.0,39991.50957252068,0.012310945867259865,0.16523997781157687,0.0024214029879047146,0.03502646006353496,0.030918739304359417,56.0,7.483314773547883
120,77683319.90140621,13002.753280596879,4.7803075324170766e-05,12816.47111520124,2.8111792818508475e-06,484.0,39991.52777210744,0.015272681850055318,0.15985884382446702,0.0031644456155932375,0.027946986604873214,0.02913441603675735,44.0,6.6332495807108
121,77683316.05511309,13002.753480687245,5.993669198437814e-05,12816.471114678363,3.2855105326430994e-06,518.0,39991.548225676066,0.011069464899715423,0.14959438984792198,0.00376053877985369,0.029351376268689142,0.03276662440383731,72.0,8.48528137423857
122,77683312.2040269,13002.753684989824,5.631985268444807e-05,12816.471111873858,3.87035535140255e-06,485.0,39991.4792999998,0.0,0.1374401207626129,0.004542590986330517,0.031568023328540376,0.029708412811462602,37.0,6.082762530298219
123,77683308.39630537,13002.753889793834,6.122782445119482e-05,12816.471112942168,3.4117596634690775e-06,515.0,39991.49661631078,0.012060555944414386,0.1263898525637508,0.00312812109932747,0.027720393526027006,0.030003171157125388,27.0,5.196152422706632
124,77683304.59130234,13002.754085043262,5.581112017677967e-05,12816.471111804074,4.417823328957732e-06,480.0,39991.49787875025,0.009987692138811507,0.11675569246636654,0.004433667459875109,0.028922438896059895,0.03326852101207783,44.0,6.6332495807108
125,77683300.73210692,13002.754289908702,6.107206833789973e-05,12816.471113845631,2.491234379030508e-06,531.0,39991.48279830479,0.004859926333894413,0.10546758532310035,0.003602171313482483,0.02636143752581111,0.03058127794372967,68.0,8.246211251235321
126,77683296.90866561,13002.754476003189,5.192145595929531e-05,12816.47111204157,3.1211533710434213e-06,477.0,39991.46140000005,0.0,0.09629276863762375,0.0025374729694468195,0.02694781512310523,0.031494571938117784,69.0,8.306623862918075
127,77683292.90089943,13002.754687177372,6.005447944920587e-05,12816.471112971933,4.706932077968118e-06,567.0,39991.48414426773,0.014521941416166863,0.08888278304601235,0.0025683225717203608,0.03260846499889883,0.0314556077657269,57.0,7.54983443527075
128,77683288.77613921,13002.75488799879,5.256414453158731e-05,12816.471112634697,4.2060991918261786e-06,515.0,39991.52312135917,0.0302747877251217,0.08311989174936124,0.002303598482645413,0.030163418271450013,0.031127480449886415,58.0,7.615773105863909
129,77683284.80866519,13002.755088210924,5.6076985708316975e-05,12816.471115973365,4.154944945033476e-06,511.0,39991.55790391364,0.007652193339762457,0.0771073529078442,0.002325477049192679,0.02735200402581234,0.029289178843031897,44.0,6.6332495807108
130,77683280.99236274,13002.75528854839,5.523965450641893e-05,12816.471115097533,4.551513337286485e-06,485.0,39991.57250000006,0.0,0.07262732013289903,0.0021745917493697794,0.025679156739079532,0.032034608042964846,36.0,6.0
131,77683277.27601336,13002.755490327158,6.054114452923305e-05,12816.47111485924,3.8451209403800755e-06,493.0,39991.542782352946,0.012302136149615358,0.06793249853076047,0.002173015852866536,0.02478126916572978,0.030326801177766278,40.0,6.324555320336759
132,77683273.69107331,13002.755681738552,5.594797637304916e-05,12816.471116250717,3.980962303678786e-06,442.0,39991.518288235115,0.02187197644878278,0.06447480593242302,0.0013648452984825657,0.020934726683762866,0.0299537587827499,24.0,4.898979485566356
133,77683270.1609544,13002.755880961951,5.674004408214485e-05,12816.471114292373,2.0460514928969143e-06,483.0,39991.494634782684,0.0052268250920561934,0.0618947984488012,0.0013321334657733874,0.02478289917531674,0.029456742939607292,57.0,7.54983443527075
134,77683266.32947265,13002.756082532567,6.105390583397425e-05,12816.471116134864,3.6820104152751687e-06,519.0,39991.523800000265,0.0,0.05920851406464593,0.001067831199121528,0.02789994310046164,0.03149098791132719,74.0,8.602325267042627
135,77683262.48291005,13002.756288862756,5.7235664771325013e-05,12816.471114796506,3.4443242721574903e-06,480.0,39991.53286250003,0.0055872515485977,0.05753593366364441,0.0013563994650647954,0.024126911725282373,0.031768467877337433,54.0,7.3484692283495345
136,77683258.77944985,13002.75648414472,5.969570911006108e-05,12816.471116865601,3.4206200443296332e-06,484.0,39991.52883718996,0.010245670765527503,0.05528216761441302,0.001064590656476174,0.02256789165300998,0.03135225546121018,52.0,7.211102550927978
137,77683255.11582872,13002.756680242253,5.8579643228624054e-05,12816.471113555974,3.1467093037433848e-06,481.0,39991.51480000053,0.0,0.05451277256743263,0.001058042965331985,0.023406650479876757,0.031178282234207117,39.0,6.244997998398398
138,77683251.29376331,13002.756877769809,5.705199733215701e-05,12816.47111538692,2.796993019299765e-06,518.0,39991.53404691126,0.0035488386021739786,0.052914965397208066,0.0011761101991724066,0.02333538391116768,0.03085223803018015,21.0,4.58257569495584
139,77683247.29131475,13002.757084883922,6.238594165771638e-05,12816.471115793982,4.975030761202468e-06,528.0,39991.56296515129,0.01899040399136835,0.05207164417384029,0.0011663808700020058,0.025414598430970214,0.03343827690152779,40.0,6.324555320336759
140,77683243.58123863,13002.757281967504,5.510001161073518e-05,12816.47111602265,2.0442549501101942e-06,442.0,39991.55298642527,0.03305169863271454,0.05128560072638748,0.0010678855611859464,0.019064587730675008,0.027631672616755483,45.0,6.708203932499369
141,77683239.86478455,13002.75748393823,6.267976822054696e-05,12816.471114466141,2.705769786556824e-06,522.0,39991.50485593879,0.0016409623362336825,0.05022045983122439,0.001141384893403287,0.025183962096043434,0.03284444493356345,53.0,7.280109889280518
142,77683236.15859379,13002.757679989782,5.668295815651456e-05,12816.471113968582,2.479052464406697e-06,449.0,39991.48619999977,0.0,0.04976056841673767,0.0011491964914569998,0.0213414449507344,0.030703452344180024,32.0,5.656854249492381
143,77683232.30725636,13002.757888288821,6.253483112294023e-05,12816.471114325412,2.1069765316158594e-06,551.0,39991.50260018179,0.012881770768119001,0.04780226952310785,0.0013574201227356444,0.029084891662206742,0.03150385328535735,56.0,7.483314773547883
144,77683228.47664273,13002.758089792174,5.3275157939202367e-05,12816.471117205103,4.476389540065866e-06,443.0,39991.50024221248,0.019782265057157754,0.04589662871280676,0.0012186299381553032,0.019454507522694856,0.03175272385912096,40.0,6.324555320336759
145,77683224.95299248,13002.758280563838,5.943196038448066e-05,12816.471116654904,3.0063277905209627e-06,478.0,39991.468900000116,0.0,0.04485260633984604,0.001134643048642144,0.022930583208825763,0.030712028627342743,73.0,8.54400374531753
146,77683221.3036439,13002.758479355216,6.0344104919494246e-05,12816.471115756958,2.3114851433164886e-06,480.0,39991.543887500084,0.028372180693416824,0.04328914741633996,0.0010414684761211486,0.021834679895844908,0.0316165280342646,34.0,5.830951894845301
147,77683217.47331677,13002.758683992237,6.219232291910865e-05,12816.471117814714,4.351612231242012e-06,519.0,39991.535267245,0.01865547954513284,0.04200401058847155,0.0011564272238877816,0.02340709980226505,0.03297742945186092,63.0,7.937253933193772
148,77683213.62290955,13002.758888761253,5.82420818407863e-05,12816.47111624796,2.6580030885799766e-06,484.0,39991.53814814057,0.04279207489188461,0.041167395171436146,0.0009850288233036956,0.024584967310576366,0.030863448166294664,29.0,5.385164807134504
149,77683210.0468744,13002.759080299402,5.8688547064869375e-05,12816.471118401487,2.9964783399734466e-06,460.0,39991.625800000016,0.0,0.03986192786721515,0.0011981868844464507,0.025572774165010474,0.032870887639204024,49.0,7.0
150,77683206.30501263,13002.759266377992,4.689687262034881e-05,12816.471116174038,4.0778005943337864e-06,517.0,39991.54094622806,0.04568234407270307,0.03946176780951311,0.0010834467121791543,0.0243990584529204,0.03047622022215806,53.0,7.280109889280518
151,77683202.48265107,13002.759477705553,5.346599386146507e-05,12816.471117519079,2.206992740452807e-06,491.0,39991.514734622964,0.0018426419652312956,0.03834074616937719,0.001217944017591483,0.03497373440759886,0.030707780733353576,23.0,4.795831523312719
152,77683198.78959091,13002.759673250073,5.662613118628952e-05,12816.4711167257,3.4549897584858702e-06,483.0,39991.511432919404,0.004221105474653908,0.037411636762075054,0.0011899042307309264,0.06783256630847337,0.03287345499351301,28.0,5.291502622129181
153,77683195.10318369,13002.75986896037,5.2951738175971346e-05,12816.471116651823,2.7521695105422614e-06,482.0,39991.49740000036,0.0,0.036831326000552854,0.0011695764631809685,0.39977504570203204,0.1991377708723287,27.0,5.196152422706632
154,77683185.66090386,13002.760076393924,6.0638654836484114e-05,12816.47111670418,2.995151936885481e-06,567.0,39991.47938342154,0.02332544691617301,0.03617332492467281,0.0011849147781211827,1.1885110684363906,0.1538153828335805,63.0,7.937253933193772
155,77683176.71545377,13002.760291732975,5.572685342543291e-05,12816.471115051138,3.294719592775685e-06,552.0,39991.49705018145,0.03402012533657055,0.03518003652281123,0.0011844928420288445,0.6183863629494019,0.31525858476441404,74.0,8.602325267042627
156,77683183.73108503,13002.760480739651,5.586320106645097e-05,12816.471117137526,4.332725619084146e-06,492.0,39991.52458536561,0.0035950788414057257,0.03535733497805752,0.0011447812049531418,0.1343165008462869,0.06195303998416525,40.0,6.324555320336759
157,77683179.87703334,13002.760684506033,5.188171520855827e-05,12816.47111486507,2.340983538596665e-06,515.0,39991.503600000106,0.0,0.034809955416187824,0.0011847262026320432,0.04739552485292251,0.0330542700602505,33.0,5.744562646538029
158,77683176.04510756,13002.760880859503,5.336142189250868e-05,12816.471115582613,4.3798066865515395e-06,483.0,39991.45896521754,0.026972220051684086,0.03461947624925583,0.0011322605362042624,0.033768207916123116,0.03214177177747494,41.0,6.4031242374328485
159,77683172.3401238,13002.76108246707,5.8700330942802375e-05,12816.471115803599,3.0398549256630737e-06,474.0,39991.44975316462,0.00952902988381656,0.03510894483174981,0.0010592989783529613,0.025664347791725196,0.03088293559710213,27.0,5.196152422706632
160,77683164.68073182,13002.761286695095,5.934344800816784e-05,12816.471117988754,3.224468509079704e-06,561.0,39991.47151532994,0.025579026981249926,0.03464256155709253,0.0012918647487653576,0.026397027985274508,0.03144304904579668,45.0,6.708203932499369
161,77683164.66325673,13002.7614920214,5.614455059573231e-05,12816.471117687355,3.053984377220824e-06,477.0,39991.53979999976,0.0,0.03464284918974071,0.0010611412989802462,0.0246370292527673,0.03131038445263736,28.0,5.291502622129181
162,77683160.96291228,13002.76168788013,5.5402658263421435e-05,12816.471116227123,4.489342266161023e-06,483.0,39991.57549275336,0.024445139033335738,0.03490754549230182,0.0010403520145198775,0.02388736478732162,0.03221195739326447,32.0,5.656854249492381
163,77683157.13728502,13002.761885300599,5.343343837262752e-05,12816.471117553714,3.7825327328247292e-06,506.0,39991.56909723307,0.03180449734669452,0.0347973139670119,0.0011452882166583347,0.023698847509151372,0.030625471349323304,91.0,9.539392014169456
164,77683153.33859678,13002.762080715427,5.21021047953731e-05,12816.471121088729,3.2079849921749456e-06,485.0,39991.52540000003,0.0,0.03484579500560881,0.001143768230225266,0.023923958439930414,0.031025668380899877,45.0,6.708203932499369
165,77683146.67218496,13002.762282743295,5.568615786033632e-05,12816.471117186033,3.0777251871778996e-06,513.0,39991.54761306065,0.0013910304853627328,0.03495002727264484,0.0011324559413343678,0.019311419536047737,0.03142046839523113,55.0,7.416198487095663
166,77683143.23953545,13002.76247938258,6.0803514338306883e-05,12816.471119138145,3.9728489705298385e-06,557.0,39991.56066947908,0.01052783917579145,0.03420489965051405,0.001046983749770279,0.02335197712749429,0.028986632047048603,57.0,7.54983443527075
167,77683141.90908223,13002.762688097702,5.347786656956333e-05,12816.471118431398,3.6081795395974158e-06,486.0,39991.56203333345,0.010145640464607721,0.03329600814120532,0.00106342937021964,0.02168937705162548,0.03293363086319098,21.0,4.58257569495584
168,77683138.09318432,13002.762891464412,5.850488108240863e-05,12816.471117788798,2.110161448383073e-06,511.0,39991.546571233084,0.008959189293358824,0.03365124118349745,0.0011092029655773424,0.024457290161096594,0.02961176858150735,55.0,7.416198487095663
169,77683134.44238299,13002.763089004115,5.42764069395869e-05,12816.471118692774,4.69788289972364e-06,444.0,39991.475600000136,0.0,0.03322731182834064,0.0009769547271969263,0.021683642440122792,0.031456034635463294,32.0,5.656854249492381
170,77683129.45235898,13002.763278065207,5.7419525206857605e-05,12816.471119925887,3.4166426895897664e-06,523.0,39991.48487648195,0.017698982627982283,0.03280252236192977,0.00107529826564667,0.020378020214939445,0.03156925592931825,58.0,7.615773105863909
171,77683122.0363778,13002.763497653114,5.208447419859738e-05,12816.471118830379,4.081811044950257e-06,777.0,39991.509904504295,0.029088972445582846,0.032583739077012425,0.0011320672000636725,0.024924789538569792,0.03215300190519842,40.0,6.324555320336759
172,77683119.64320382,13002.76361163245,2.909189148991307e-05,12816.471118210804,3.4695709577693026e-06,1443.0,39991.520622107324,0.015096141824617028,0.03275642658037332,0.0012268490749199027,0.023545015404947016,0.031174844721798333,153.0,12.36931687685298
174,77683111.3864027,13002.764007849384,2.3997518780406263e-06,12816.47111851778,6.663244791361344e-06,80.0,39991.546099999956,0.0,0.03244062060443257,0.0010268839609723595,0.01964935043203749,0.04114905409123554,5.0,2.23606797749979
175,77683111.53865953,13002.764301390052,0.0,12816.471117459378,4.038636735190613e-06,40.0,39991.546099999985,0.0,0.0322761555401402,0.0006073742147650848,0.02782737558432945,0.01646420849517571,2.0,1.4142135623730951
176,77683111.25241975,13002.76443366769,0.0,12816.471120591792,5.237872568385977e-07,37.0,39991.54609999999,0.0,0.03304136258894063,0.00031220666148508105,-0.007248132971425699,0.006033954056611841,1.0,1.0
178,77683108.65383218,13002.7649269657,0.0,12816.471121582197,1.6782077123311434e-07,38.0,39991.5477,0.0,0.03395586321116336,0.003991489379560079,0.020426447698409792,0.01362602355160474,4.0,2.0
208,77683108.38878395,13002.770904532632,0.0,12816.47112253849,2.793389735470862e-07,30.0,39991.5477,0.0,0.04848418764852792,0.0015600134639297011,0.054624216741829226,0.004378673454310535,0.0,0.0
215,77683101.57556911,13002.772194084182,0.0,12816.471121251117,1.6075363615303254e-06,30.0,39991.5906,0.0,0.08666201154545514,0.0044797531959836455,-0.010525877213137103,0.011975371586607997,0.0,0.0
227,77683101.3205073,13002.774664218248,0.0,12816.471111840632,1.9431327549275033e-06,38.0,39991.5906,0.0,0.1132280249975346,0.015938907995349024,-0.007714390245775689,0.011580476192271476,2.0,1.4142135623730951
230,77683101.84411763,13002.775309618315,0.0,12816.471114927803,5.396466831394625e-07,39.0,39991.5906,0.0,0.08245929659918119,0.021767897914846623,0.01873119241141685,0.0068576995072150366,1.0,1.0
241,77683101.02836445,13002.77740779059,0.0,12816.471121395258,4.881576951989921e-06,40.0,39991.5906,0.0,0.07935428053232549,0.027904041565122797,0.017490746308122272,0.012624868271905837,0.0,0.0
250,77683108.11745493,13002.779324355706,0.0,12816.471113014331,3.324233187902267e-06,42.0,39991.5477,0.0,0.04351421002755488,0.004251172255468936,0.06213008905830859,0.008640451299063401,0.0,0.0
256,77683102.14281164,13002.780412904378,0.0,12816.4711182697,3.493856941834855e-07,36.0,39991.5906,0.0,0.035383631560261725,0.0015134587767349625,0.04896113635103132,0.011329005012369766,1.0,1.0
277,77683102.42570117,13002.784657824845,0.0,12816.471120307791,0.0,36.0,39991.5906,0.0,0.031463880861940914,0.0004266643063715681,0.06926343495063693,0.00582467034457523,0.0,0.0
288,77683102.70542423,13002.78695501631,0.0,12816.471119892092,7.233054437420161e-08,35.0,39991.5906,0.0,0.03195779816584477,0.0005407396229964837,0.04879902079867627,0.015124547386932318,1.0,1.0
289,77683105.25680323,13002.787175533724,0.0,12816.471116462533,1.0503133694745862e-06,38.0,39991.5906,0.0,0.033929895041357655,0.0002751747265878484,-0.01659550363923632,0.007572809443664348,1.0,1.0
290,77683106.10448644,13002.787292242012,5.0163402186690677e-05,12816.471117062754,3.7861658739711547e-06,216.0,39991.5612055556,0.019970847749186105,0.03229229748194524,0.0017865922299043818,0.030516683992784406,0.02612986165134263,14.0,3.7416573867739413
291,77683106.31833127,13002.787449594083,5.710387762683841e-05,12816.471118375573,2.8861112682183448e-06,224.0,39991.561106250076,0.019929216803183603,0.032874397211349694,0.001098147904084059,0.017687810766522653,0.028449722942789028,4.0,2.0
293,77683104.15487084,13002.787887731514,0.0,12816.471120535436,1.3113266650728752e-06,37.0,39991.5906,0.0,0.03222348226956161,0.0004974122672007298,0.05858234266085677,0.013006265046898797,1.0,1.0
294,77683103.4394757,13002.78804729329,4.173414386631389e-05,12816.471121081191,1.0807329388903065e-06,78.0,39991.590600000076,0.0,0.03365534270063294,0.0006036083736609077,0.019410137958237515,0.017476500309530636,6.0,2.449489742783178
295,77683103.57559505,13002.788307409195,0.0,12816.471119338881,1.5319573515987918e-06,38.0,39991.5906,0.0,0.03444925840232343,0.0008426840763238304,-0.006727599866675948,0.0123097421956596,1.0,1.0
296,77683103.28488877,13002.788386980075,0.0,12816.471120843631,9.722777330151411e-07,40.0,39991.5906,0.0,0.03523652669694026,0.0004310500626033665,-0.017622544677229353,0.005288851640807179,14.0,3.7416573867739413
319,77683100.583978,13002.793046035345,0.0,12816.471120810054,2.7535848568435282e-06,76.0,39991.514803947444,0.07049606029334213,0.05594657372206315,0.034928208502322936,0.3078552068800892,0.49891079034432007,1.0,1.0
366,77683100.15791775,13002.802494829508,0.0,12816.471115475822,1.008457861251766e-06,39.0,39991.45010000001,0.0,0.06565012360487642,0.04043389955719245,0.11960310286188633,0.14638431862293097,4.0,2.0
381,77683095.46546288,13002.805451943883,6.551088326590166e-05,12816.47111848924,1.045641753226806e-06,80.0,39991.499802499995,0.0419100059757541,0.03296279718326911,0.0004909429410463785,0.0054601269414911915,0.02073901485902723,5.0,2.23606797749979
386,77683095.90478824,13002.80647892099,0.0,12816.471114046084,1.1053104607846296e-06,38.0,39991.45010000001,0.0,0.03332397112040694,0.0004906190040777752,-0.01438820938213477,0.0033496672459724514,1.0,1.0
394,77683095.03844732,13002.808052057475,0.0,12816.47111752958,5.955468669518894e-07,35.0,39991.53469999998,0.0,0.03144090796413419,0.0007872179073009785,0.058112442475731614,0.013318095235726727,3.0,1.7320508075688772
396,77683096.1704787,13002.808383731623,0.0,12816.471111302437,3.350672083322723e-07,33.0,39991.45010000001,0.0,0.03315504687578038,0.00041513054662026673,0.006651252680802932,0.01451229637525288,2.0,1.4142135623730951
404,77683096.43599455,13002.810046480094,0.0,12816.471113261401,5.471130037577924e-07,35.0,39991.45010000001,0.0,0.035312885477463266,0.002482525802041228,0.04432557101209014,0.0029581590421541874,0.0,0.0
405,77683099.86387813,13002.81026701651,0.0,12816.471114307944,3.054102891304218e-07,39.0,39991.45010000001,0.0,0.036611496806575286,0.0032555246143144063,0.0018629807882272382,0.012961594515106615,4.0,2.0
409,77683099.29390256,13002.811071549946,1.9825749215295e-05,12816.471122885094,3.3958312608781903e-06,114.0,39991.45010000001,0.0,0.04062102634564411,0.0007485662848832945,-0.0006337364167132923,0.02804525998898088,10.0,3.1622776601683795
410,77683098.57283388,13002.811279058302,6.330985864867359e-05,12816.471121716597,3.694474719600545e-06,73.0,39991.45010000001,0.0,0.039675619021065214,0.0011566071701408465,0.058640919255703444,0.011667408037059903,5.0,2.23606797749979
411,77683096.71062095,13002.811416819533,0.0,12816.47111640568,0.0,35.0,39991.45010000001,0.0,0.04180690602382718,0.004510062709586531,0.06252010620731073,0.004968968857937254,1.0,1.0
412,77683098.15096675,13002.811638920039,0.0,12816.471113174368,1.649445628796246e-06,34.0,39991.45010000001,0.0,0.04385788212138044,0.000492955251651615,0.013006170996551776,0.011339148608196329,3.0,1.7320508075688772
414,77683097.88086025,13002.812133594245,0.0,12816.471121017354,0.0,35.0,39991.45010000001,0.0,0.05046246742867962,0.0013078885727043246,-0.008199871334173896,0.006831322730241185,1.0,1.0
415,77683096.99958207,13002.812329243447,0.0,12816.47111313412,5.450619543360791e-07,38.0,39991.45010000001,0.0,0.05186524314098153,0.002591839883473626,0.054046569267295695,0.003936893507592909,1.0,1.0
417,77683097.44660287,13002.812650168704,3.0481384334517738e-05,12816.471124109223,2.978353530984383e-06,75.0,39991.45010000001,0.0,0.05748152313814893,0.0019613139648445963,0.0027607070478693247,0.02317920142695348,9.0,3.0
418,77683094.75851327,13002.81281938002,0.0,12816.471116521905,4.04176277185475e-07,40.0,39991.534699999975,0.0,0.043829826354097816,0.01806584479774716,0.057472203454249915,0.005487237504767135,3.0,1.7320508075688772
456,77683094.4651753,13002.820534553897,0.0,12816.471120481432,2.184677165006789e-06,38.0,39991.53469999998,0.0,0.06053861134209761,0.016068597374232524,0.15355660320882275,0.24419995021628477,4.0,2.0
504,77683094.16975577,13002.830152239361,0.0,12816.47112148546,6.731444383660737e-07,38.0,39991.53469999998,0.0,0.048601910152715255,0.03413644969614509,0.5994215233628032,0.5038686639846607,0.0,0.0
513,77683089.90311898,13002.831972543514,0.0,12816.471117780988,1.3224285427043246e-06,36.0,39991.514999999985,0.0,0.040774430894097276,0.000472776049003679,-0.0038869708478558715,0.009155634513808951,6.0,2.449489742783178
514,77683090.19497728,13002.832145898892,0.0,12816.471119298265,2.8950916236255496e-07,38.0,39991.51499999998,0.0,0.04438641071985253,0.002339083878688943,-0.016621471807978003,0.006772835868866102,6.0,2.449489742783178
517,77683089.61487971,13002.832630830299,0.0,12816.471125301412,1.178495392331669e-06,37.0,39991.51499999998,0.0,0.04634080780665467,0.004873358326143813,0.03261464244280015,0.013775621422617073,6.0,2.449489742783178
518,77683090.47908777,13002.832865172177,0.0,12816.47111859357,1.2885869425985502e-07,36.0,39991.52977499998,0.008651354145409297,0.053493062574668654,0.006327334878262161,0.004921046971650133,0.005649370457397981,0.0,0.0
522,77683090.76333854,13002.833734864325,0.0,12816.471118792371,7.517970308534853e-07,37.0,39991.53469999998,0.0,0.06700117600755054,0.012463577847174525,0.049318958998629404,0.01371013886167911,1.0,1.0
527,77683091.05583344,13002.834646788937,0.0,12816.47112115083,3.0796641146856987e-07,41.0,39991.534699999975,0.0,0.11463685096637566,0.02364616212316512,0.07065648525298121,0.002470530149055454,3.0,1.7320508075688772
528,77683093.61646119,13002.834957880246,1.3798349485019425e-05,12816.471118625584,1.8225845203074972e-06,102.0,39991.53470000008,0.0,0.1185185725645334,0.0013146025610659734,0.01347376779997927,0.025415885868900815,6.0,2.449489742783178
529,77683091.3588847,13002.835073149892,1.7841686610465587e-05,12816.471118127602,1.157594437181995e-06,79.0,39991.525722784856,0.009873948485824393,0.11525409015957618,0.037579740556306404,0.06733021866069105,0.008741560165526152,1.0,1.0
530,77683092.03798617,13002.835258535511,4.7207165611679464e-05,12816.471118867496,1.5797784134818176e-06,73.0,39991.53470000003,0.0,0.14107171203129557,0.01083186231329456,0.0620338560780132,0.009958269291235743,2.0,1.4142135623730951
531,77683092.48540138,13002.835427154976,0.0,12816.471119095151,3.364845109613865e-07,31.0,39991.53469999998,0.0,0.14512279990226662,0.0059154741157722455,0.03177984244065179,0.014203757738889105,0.0,0.0
532,77683091.92661156,13002.835686527604,4.5554917848470396e-05,12816.4711171178,2.4805879703267864e-06,118.0,39991.53470000004,0.0,0.15811994650910888,0.004087809317966132,0.007893652355974928,0.016838539971090825,2.0,1.4142135623730951
541,77683089.0605492,13002.837498300772,0.0,12816.47112153741,1.1344728114256582e-06,31.0,39991.51499999999,0.0,0.15211521801343014,0.00625575684031518,0.07187748633165456,0.008582397608941675,4.0,2.0
569,77683088.80441439,13002.843024958216,0.0,12816.471114137668,1.2078815616732254e-06,38.0,39991.51499999998,0.0,0.044914430243683356,0.029142149942712154,0.0321380914788206,0.017028898376420697,0.0,0.0
613,77683088.51119617,13002.851882887946,0.0,12816.47111665672,1.7104502081316975e-06,40.0,39991.51499999997,0.0,0.04216872919161588,0.015532990968458242,-0.0021792752729337768,0.011288309480446559,0.0,0.0
631,77683083.39032508,13002.855532608664,2.2092175068988845e-05,12816.471122031819,4.301508008767688e-06,262.0,39991.4627999999,0.0,0.11223812897740691,0.013918234004868713,0.025981851659637727,0.030992841290914654,30.0,5.477225575051661
632,77683080.11635223,13002.855683795842,5.979607530032243e-05,12816.471118256371,4.0412464577194425e-06,590.0,39991.47771745765,0.0141411613649914,0.11900402053930921,0.004776887646140568,0.03402742982235485,0.030267046836865638,62.0,7.874007874011811
633,77683075.70147297,13002.855885623194,6.054351465899557e-05,12816.47111944598,2.6547081425440406e-06,553.0,39991.49992857112,0.011468710456188714,0.132181798369359,0.004493486268718276,0.029321241865942923,0.02942672032497294,41.0,6.4031242374328485
634,77683071.4455068,13002.856087609482,5.780101481376951e-05,12816.471118958892,2.875185668610009e-06,564.0,39991.503576596326,0.02419741376240969,0.14410067827880946,0.003941313319068743,0.028121313234577536,0.03257542223900394,52.0,7.211102550927978
635,77683067.15595657,13002.85628966104,5.615833719349941e-05,12816.47111646194,3.2047138679029155e-06,555.0,39991.451499999894,0.0,0.15613946461625186,0.002849863842688169,0.0357202170591186,0.028146100606809308,55.0,7.416198487095663
636,77683064.46331598,13002.856491736335,6.034569428965469e-05,12816.47111835365,3.2898979244649768e-06,554.0,39991.502628700015,0.011617816468608466,0.16047706114228152,0.006076455872059869,0.03447485169007342,0.03146480359945225,62.0,7.874007874011811
637,77683058.9066502,13002.856682464368,5.879128922376801e-05,12816.471119359769,4.28696872598596e-06,547.0,39991.468361608466,0.022247932533585275,0.16251163729933,0.0020388787294693864,0.03782907650257143,0.030115969787252624,56.0,7.483314773547883
638,77683054.36808382,13002.8568780966,6.0152466096386695e-05,12816.471118071633,2.6665961160869605e-06,630.0,39991.52898428639,0.06049206566064427,0.15883868142890173,0.0027747031325849013,0.0288977038574534,0.031092533089436308,55.0,7.416198487095663
639,77683049.68334378,13002.857075998554,5.511250351454404e-05,12816.471117143306,3.3692883423496606e-06,596.0,39991.54506442943,0.03235893874827071,0.1509984649368401,0.003158185194487503,0.03601365182398447,0.030345668855734628,52.0,7.211102550927978
640,77683045.1541154,13002.857282685249,5.9419066797498964e-05,12816.471118676182,3.339029830503438e-06,593.0,39991.49776155141,0.019742718615720686,0.1384629979345752,0.003722098403876555,0.03203274457777574,0.030908846290198497,64.0,8.0
641,77683040.74492835,13002.857482369564,5.5557944394025266e-05,12816.471118152369,3.2967129067845627e-06,548.0,39991.486237956,0.02333282481367736,0.1275784393179331,0.00468503883488341,0.027889800357242436,0.030981369123059484,52.0,7.211102550927978
642,77683039.37331453,13002.857681236464,5.686417162904136e-05,12816.471118440277,3.604619563651463e-06,639.0,39991.52172456978,0.017957216841626638,0.11723588735193993,0.003124853762860073,0.02887362054110635,0.02920422300174326,68.0,8.246211251235321
643,77683031.92151704,13002.857884683031,5.7042545704197135e-05,12816.471118775242,2.676006175572495e-06,561.0,39991.49599999963,0.0,0.10750732846809119,0.003966156745729929,0.03251946720379201,0.03183069148987618,44.0,6.6332495807108
644,77683027.51609533,13002.858080861055,5.658497675600075e-05,12816.471117389245,4.456180345026788e-06,593.0,39991.489161551755,0.001961282061616099,0.09720473077987707,0.0030547516822845237,0.027306246059468173,0.031340500446095015,64.0,8.0
645,77683026.78762032,13002.858282238147,5.934390473855316e-05,12816.471120228929,4.7377449911903705e-06,635.0,39991.52579968507,0.026276365467363685,0.08944583100309952,0.003727276330636141,0.025278555659839462,0.029679226161016547,69.0,8.306623862918075
646,77683018.37938032,13002.858491939422,5.687323328771282e-05,12816.471119494498,3.882715195158139e-06,586.0,39991.46981399322,0.047629638204866195,0.0827390613050921,0.0020430368692513825,0.03231901198440329,0.030626176047247922,43.0,6.557438524302
647,77683018.68990222,13002.858692234513,5.3843781260081645e-05,12816.471117776433,3.141152982767673e-06,594.0,39991.51706582505,0.07246179029974334,0.07677096063686964,0.0022624971574089804,0.02990616977443543,0.031465590056531365,52.0,7.211102550927978
648,77683038.5440764,13002.858872483459,5.93423606601067e-05,12816.471117636169,4.024419280514291e-06,817.0,39991.540991309914,0.042729320016480894,0.07192152636247645,0.00217096860925312,0.027410475857337278,0.032429118144384705,101.0,10.04987562112089
649,77683014.05255146,13002.859071608917,6.043187681449399e-05,12816.471119287244,3.0189412091072897e-06,669.0,39991.4863578474,0.0098091283498187,0.06777468602818087,0.0017999184142454456,0.021535173401437194,0.03112195631553797,69.0,8.306623862918075
650,77683001.34527116,13002.859285973662,5.819358097339177e-05,12816.471118710988,3.815333939719873e-06,523.0,39991.481799999965,0.0,0.06381189146807248,0.0017983789690682957,0.03633962196971782,0.029699745941991693,38.0,6.164414002968976
651,77682997.09510753,13002.859482144133,5.7751456901244036e-05,12816.471122661009,3.426606323203972e-06,581.0,39991.557214457585,0.02440715477663971,0.06109545942169525,0.0016074706131468672,0.054480623664929104,0.03145566104887847,45.0,6.708203932499369
652,77682992.7137524,13002.8596803826,5.736389798057684e-05,12816.47111842495,3.957170817698798e-06,567.0,39991.55607530878,0.005098491834348139,0.05877436358134108,0.0012764720839945085,0.19147186057428922,0.11522843616917741,58.0,7.615773105863909
653,77682988.29269418,13002.859876134698,5.934250991535671e-05,12816.471119911643,4.050093194431841e-06,596.0,39991.567158053556,0.011550361143363315,0.056418357672588765,0.001260040402752255,0.8993704514590769,0.28213373514307055,63.0,7.937253933193772
654,77682983.8656502,13002.860076209818,5.159026320838555e-05,12816.471119753607,3.075270968437323e-06,552.0,39991.55486304313,0.024376929920026866,0.054423640866997,0.0013900829534305235,1.0877221880919095,0.21808440100549487,40.0,6.324555320336759
655,77682979.45895463,13002.86028112916,5.866760252569496e-05,12816.471121083148,4.420732207483327e-06,594.0,39991.54639023544,0.02814450196582344,0.05394907934138144,0.0011304949784469763,0.27798816493798273,0.13814211578334934,46.0,6.782329983125268
656,77682975.03915733,13002.86047979685,5.411876691459991e-05,12816.47112000921,3.5398999738451517e-06,557.0,39991.5880590666,0.0016920713877649866,0.052155508517254874,0.0012579870301504515,0.08485069134122,0.03926585599485719,75.0,8.660254037844387
657,77682970.6605529,13002.86068239818,5.712918865920435e-05,12816.471120440629,5.639540970530399e-06,587.0,39991.58359999963,0.0,0.05179864901918268,0.0011221231619255618,0.036730062908556835,0.03015218704738601,84.0,9.16515138991168
658,77682966.26720878,13002.860879303773,5.787857888200726e-05,12816.471120527161,4.364373480722264e-06,562.0,39991.605820641016,0.0013291202839061111,0.05114161533728445,0.0011645819738461288,0.030177294649043403,0.032593497833891955,61.0,7.810249675906654
659,77682961.71072067,13002.861080743358,6.177952251785629e-05,12816.471120969669,3.442644171753299e-06,638.0,39991.61740344856,0.00525470148225991,0.05056995525477425,0.0012040117306224033,0.02433751980997573,0.03191334257422309,51.0,7.14142842854285
660,77682957.13479887,13002.86128449701,5.544903322267118e-05,12816.471120265545,3.0689550004507634e-06,559.0,39991.52667441912,0.052080941001725424,0.04945467863760237,0.0015023825599152637,0.024577204699282495,0.029632895538079223,86.0,9.273618495495704
661,77682952.60293138,13002.861484557623,6.009280914579286e-05,12816.471119389902,3.944928455549358e-06,634.0,39991.49082444821,0.005417269656665661,0.04775047630884149,0.0013229073680301102,0.025246259899699308,0.029795046064624277,87.0,9.327379053088816
662,77682947.91263361,13002.86169221076,5.870606426301636e-05,12816.471120934451,4.4484833427652305e-06,586.0,39991.51988259376,0.031096433500068885,0.04650117679219035,0.0012983053910963077,0.02375504104828819,0.030001865345084325,60.0,7.745966692414834
663,77682943.3514994,13002.861888553192,5.463739135061864e-05,12816.471118823703,2.7068076928033727e-06,591.0,39991.573778003345,0.030021368492588456,0.04473555295929971,0.0012344262898706618,0.026993362461977893,0.03009055224922809,57.0,7.54983443527075
664,77682938.95649259,13002.86209742887,5.682050781031114e-05,12816.471119063772,3.80904556777468e-06,553.0,39991.60005949351,0.017155201210145528,0.042794886029958165,0.0012504920524710787,0.019840559571686935,0.02961965887944863,102.0,10.099504938362077
665,77682934.83192687,13002.862282973407,5.551204379543305e-05,12816.471120416129,4.434732419354636e-06,519.0,39991.56990000002,0.0,0.04138100805103498,0.0012004941458109279,0.025715314665458726,0.029642187857503322,90.0,9.486832980505138
666,77682930.57202013,13002.862482252363,6.172503449614427e-05,12816.471119821419,4.593151213028222e-06,595.0,39991.55944252138,0.00122185087449735,0.040590693779645616,0.0011236356109151288,0.025170228337597512,0.031888706157847155,132.0,11.489125293076057
667,77682926.0157258,13002.862685952552,5.8628387865774426e-05,12816.471118897716,4.562216574984649e-06,594.0,39991.574972390845,0.005779356068564248,0.0396827040434616,0.0012102220294222415,0.021973637642253442,0.030934793815296818,75.0,8.660254037844387
668,77682921.61224718,13002.86288363197,5.5577149676873624e-05,12816.471120024125,5.139361705531055e-06,565.0,39991.549255752725,0.016830943620799663,0.03802042538627594,0.0010729568503631923,0.027313604253958013,0.029292995543357687,159.0,12.609520212918492
669,77682917.2016714,13002.863080909625,5.691870792435689e-05,12816.471120439492,3.1050230569914035e-06,585.0,39991.538400512705,0.0005922008002892241,0.037637084078890264,0.0011352070959741813,0.018108193208737133,0.028415345028019165,134.0,11.575836902790225
670,77682912.66773315,13002.863282169501,6.284472288933868e-05,12816.471121117667,4.2934149669987795e-06,604.0,39991.54358162306,0.006137221073236594,0.03685716108450456,0.0011210007474102687,0.02780940430844117,0.030421426209885413,143.0,11.958260743101398
671,77682908.2430624,13002.86348203856,5.751699314386825e-05,12816.471119877137,2.843625454098886e-06,558.0,39991.56546344118,0.023376102000733288,0.03626519967389907,0.0012274290923372981,0.01706287197571427,0.03297422836818044,122.0,11.045361017187261
672,77682903.83641851,13002.863678639851,5.815076284446602e-05,12816.47112025535,4.43758080637291e-06,587.0,39991.60762861982,0.015219755383428561,0.035525293168205956,0.0011994010124797751,0.027656186297532068,0.03052086723105361,240.0,15.491933384829668
673,77682899.2945045,13002.863883788032,6.127206958709476e-05,12816.471119362059,3.222006323576519e-06,588.0,39991.643247108375,0.0016760793733188166,0.03550744652919832,0.0010411893624537474,0.01559542638407885,0.030653580807913933,286.0,16.911534525287763
674,77682895.02659678,13002.864089115052,5.5679120678057106e-05,12816.471119107222,4.7139964920430366e-06,516.0,39991.63529999962,0.0,0.03488407423944842,0.0010602610249310215,0.022981393428683515,0.03153555659094433,194.0,13.92838827718412
675,77682890.92122065,13002.864285373757,5.647674801749131e-05,12816.471121643126,5.0528468282248705e-06,552.0,39991.597804710145,0.019674331601539086,0.03401269209901859,0.0011123157840686132,0.024254431742708325,0.03251511403509661,145.0,12.041594578792296
676,77682886.49200623,13002.864488691237,5.8149366773319346e-05,12816.47112172893,4.976470569852083e-06,590.0,39991.56071271136,0.02104950727074709,0.03462563654719083,0.0012148493106642836,0.01733394708312499,0.0322200131079306,194.0,13.92838827718412
677,77682881.94147603,13002.864692260366,5.964493379325852e-05,12816.471120704557,3.007627595407082e-06,590.0,39991.54081593181,0.0033526692268918737,0.034075932976361245,0.0011514343986282292,0.02875730015980539,0.0312895163156331,245.0,15.652475842498529
678,77682877.38485852,13002.864890606246,5.437718415835134e-05,12816.47111824936,4.302194806742857e-06,589.0,39991.5203497456,0.021676088460325732,0.03430070931206857,0.0011555567191479153,0.01812952144181406,0.031085414901606965,121.0,11.0
679,77682872.99912229,13002.865082777827,5.251684148768788e-05,12816.471120619912,6.533541253116342e-06,553.0,39991.500424051024,0.014190749569243353,0.033906040015504645,0.0010899295282441157,0.026881329791057496,0.03184477377039671,84.0,9.16515138991168
680,77682868.72234243,13002.865284609874,5.806912488683102e-05,12816.471119978896,3.252160784261337e-06,561.0,39991.52845989292,0.005796434802878785,0.033662220781726905,0.001165929622824965,0.020232373139229817,0.03029133354729955,105.0,10.246950765959598
681,77682864.33414668,13002.865482665135,5.446423103864912e-05,12816.471123069765,6.287138144037896e-06,592.0,39991.56340000026,0.0,0.03429818683021522,0.0012738996428937977,0.02538540284515741,0.032593142020355945,96.0,9.797958971132712
682,77682859.48208727,13002.865688482414,6.192009368446472e-05,12816.471120767115,4.3266077767833315e-06,669.0,39991.429644394455,0.03966396635125022,0.03439737382149988,0.0011695260722320228,0.01926314631333224,0.03082465057062454,111.0,10.535653752852738
683,77682854.65105633,13002.865887684184,5.5586583455480754e-05,12816.471122271056,3.044096201003953e-06,592.0,39991.52763513506,0.03549967968532071,0.03418317241020009,0.0010498366913371665,0.027176738529819264,0.03076542373473221,51.0,7.14142842854285
684,77682850.10232686,13002.86608799673,5.916965086777827e-05,12816.471122324749,3.838640734853677e-06,597.0,39991.455557286135,0.0423746109347888,0.03429881411895677,0.0011665192694685562,0.017586188468272635,0.0302118794750902,71.0,8.426149773176359
685,77682845.69569623,13002.866286566847,5.533779329037617e-05,12816.471123685396,3.3032966211854372e-06,548.0,39991.47123065669,0.026423325137406167,0.033273330033708706,0.0011560985799292452,0.029700716773173857,0.03093602220127373,49.0,7.0
686,77682841.30314495,13002.86647858712,5.392644763571122e-05,12816.471122725294,3.2629916779647728e-06,591.0,39991.49948392501,0.009508033841435979,0.03323246005802086,0.0013215123184103605,0.018362146865474757,0.031261370057589395,47.0,6.855654600401044
687,77682836.78150818,13002.866680862366,6.38034444838932e-05,12816.471123499821,3.268229434554985e-06,601.0,39991.499790349255,0.011915367124168309,0.032497800263627676,0.0010739866040123131,0.028736722423675736,0.03018989374058012,54.0,7.3484692283495345
688,77682832.31433056,13002.866886144115,5.856310226144622e-05,12816.471122064613,4.533345060197708e-06,552.0,39991.51292173946,0.05331456046269746,0.03251403399543985,0.0011125919031601335,0.020513447409759238,0.029773049662486523,59.0,7.681145747868608
689,77682828.22042787,13002.867081085318,5.6927919072692706e-05,12816.471120902183,3.7576232478888658e-06,508.0,39991.61240000021,0.0,0.03291349003912731,0.001132712289495416,0.021430073170877948,0.030795753626294557,64.0,8.0
690,77682823.96672437,13002.867276087554,5.647235369305987e-05,12816.471120857404,3.934633525816319e-06,597.0,39991.5288132333,0.01855771269475052,0.032815047224310105,0.0011837779161012094,0.026007791484296276,0.02969687950383959,77.0,8.774964387392123
691,77682819.12644489,13002.86748730951,6.119243684654081e-05,12816.471120559721,2.7789546027948657e-06,665.0,39991.55058571474,0.010575753290778565,0.03273535931167452,0.0011804732053779057,0.019939730107335275,0.02910324015907483,51.0,7.14142842854285
692,77682814.44652753,13002.86768718992,5.550560213793555e-05,12816.471123271313,3.711052304957382e-06,552.0,39991.50962065247,0.0200029555260519,0.03201110459619984,0.0011875857026622265,0.027434089647753342,0.03250477754908898,68.0,8.246211251235321
693,77682810.06141609,13002.867883062521,5.478331841100667e-05,12816.471124703108,2.919036148148776e-06,593.0,39991.52462714955,0.017528303983595884,0.03249313571392497,0.0011522099635631012,0.015650582013192384,0.030091677536363742,56.0,7.483314773547883
694,77682805.51675743,13002.868079703918,5.663017785889447e-05,12816.471123271125,4.020512406706938e-06,590.0,39991.53862118671,0.001048473036664911,0.03194401973682511,0.0010347559215669586,0.025901183129478676,0.030914831110591408,66.0,8.12403840463596
695,77682801.12248383,13002.868277260257,5.5998484583674194e-05,12816.471121115981,4.2462824665451555e-06,561.0,39991.53638074861,0.004165682941207691,0.032541161235097225,0.0012223095178137567,0.016211334252992413,0.030060142637916624,39.0,6.244997998398398
696,77682796.71922392,13002.868474209572,5.8906828154996655e-05,12816.471119754575,2.8815947521476824e-06,590.0,39991.529091694676,0.0034403057001098874,0.03220103124399249,0.0012421531195401336,0.022936909415595712,0.030623139655701702,52.0,7.211102550927978
697,77682792.16471428,13002.868672635548,5.874585956436857e-05,12816.471122582998,3.7134246698686576e-06,588.0,39991.52637619067,0.00924092321428344,0.032077175188732494,0.0010656602824925302,0.022996913659870874,0.03077778047059478,42.0,6.48074069840786
698,77682787.44981888,13002.868875622758,5.873335904436914e-05,12816.471121869015,2.7795879575023594e-06,632.0,39991.54444905077,0.02331740879380083,0.031953054553353004,0.0011644426147104266,0.024320522496640976,0.03181921201361245,64.0,8.0
699,77682782.57255824,13002.86908623849,5.95706601357267e-05,12816.471121180448,3.6255319068498457e-06,632.0,39991.462399999684,0.013963470568248454,0.03247143178105743,0.0011715810734369977,0.018483574099186377,0.030585374073827016,63.0,7.937253933193772
700,77682777.89175196,13002.869284021717,5.410621182800601e-05,12816.471122876514,3.797896625241881e-06,591.0,39991.55510000015,0.0,0.03202526978958777,0.0011320482246786308,0.028503324291477446,0.031105041196874506,62.0,7.874007874011811
701,77682773.21511646,13002.869485277024,5.803498637210056e-05,12816.471121522936,3.845601363381426e-06,631.0,39991.46680713125,0.028379061078833503,0.03201615217290294,0.0011905478348583909,0.017937317253668084,0.02990308725446857,66.0,8.12403840463596
702,77682768.67080107,13002.869679800431,5.74912675532708e-05,12816.471121543407,2.770652034450893e-06,561.0,39991.47137647007,0.006219716552910271,0.031839912690411,0.001354937275921432,0.026286798279359418,0.03126959346268941,51.0,7.14142842854285
703,77682764.09429373,13002.869875174107,5.723593320322815e-05,12816.471123286878,3.610240608454186e-06,636.0,39991.47419999943,0.0,0.03201968313351005,0.0011304198512689077,0.020483855393986245,0.03028885475534598,67.0,8.18535277187245
704,77682761.03128456,13002.869996414378,6.473112051611484e-06,12816.47112261408,5.207793537083272e-06,174.0,39991.47420000005,0.0,0.031154484898475263,0.0013376878991242162,0.03281236846185358,0.030384817454616922,29.0,5.385164807134504
