bin_selection,time,x,xerr,x2,xerr2,n,v,verr,diodes_diode,diodes_diodeerr,diodes_m2,diodes_m2err,y,yerr
1,77690264.20126957,13002.729468093345,6.244739042632259e-05,12816.47110302464,3.4085091185641548e-06,526.0,39991.46815912525,0.009387545080015946,0.053657770823927475,0.0011770414151518382,0.02270644635845062,0.03241644467996705,88.0,9.38083151964686
2,77690260.32664126,13002.729674689383,5.671742102702621e-05,12816.471102195463,2.952502598323598e-06,489.0,39991.44590184016,0.033810867655928716,0.05691213095663264,0.001806727254286305,0.023817993193066704,0.031419033233101815,57.0,7.54983443527075
3,77690256.57606483,13002.729870340861,5.537914940431628e-05,12816.471102938514,3.072740613509407e-06,497.0,39991.40257444676,0.011612235049777875,0.060334209956207904,0.002115645898778678,0.025294216575734014,0.031018437514342304,82.0,9.055385138137417
4,77690252.77701038,13002.730080893676,6.190889980681932e-05,12816.471100850224,2.9794315144202206e-06,497.0,39991.35319999981,0.0,0.06549583186794308,0.0021162459867418815,0.023300780873909053,0.03147717515623489,70.0,8.366600265340756
5,77690249.13540436,13002.730271830691,5.8432160388527274e-05,12816.471102242935,3.98322203475549e-06,459.0,39991.36941176447,0.010806869116217024,0.07062089878470425,0.002534972490452808,0.028282073186428974,0.030332844705984425,65.0,8.06225774829855
6,77690245.50747108,13002.73046633768,5.6536907703137835e-05,12816.471101462626,2.1546317660298942e-06,503.0,39991.38286719668,0.00971602864295921,0.07760078201854805,0.0025298226596704707,0.024225819653609586,0.03334549005642985,87.0,9.327379053088816
7,77690241.54132526,13002.73067090447,5.27496437927157e-05,12816.471103245074,3.3908959222360264e-06,529.0,39991.396899622116,0.005335181953000633,0.08615962102814811,0.0030828258444044695,0.026327914394838905,0.02936699441151656,82.0,9.055385138137417
8,77690237.47647041,13002.73087857755,5.9712769967776597e-05,12816.47110258951,2.9696782407526014e-06,544.0,39991.36850000031,0.0,0.09724433083179156,0.004132881062321424,0.031021142097402542,0.03201045946067149,107.0,10.344080432788601
9,77690233.5172324,13002.731080692349,5.4793680523018154e-05,12816.47110246261,3.6158217772204262e-06,493.0,39991.359551116024,0.0046882121374042665,0.10805129953452254,0.004240397627724097,0.030226964322398894,0.03202817101247849,64.0,8.0
10,77690229.75675514,13002.73126860482,6.253241053885159e-05,12816.471101822006,4.913142326369327e-06,490.0,39991.33606204099,0.024623810674419717,0.12086358513551268,0.004778257388123285,0.030290323908022426,0.031098178683170486,63.0,7.937253933193772
11,77690226.12081578,13002.731474664031,5.832324557112868e-05,12816.471103147067,3.98889484878707e-06,457.0,39991.307441794306,0.00151061429349337,0.13402034552431288,0.005198310966251777,0.03171659655211715,0.030513376963172932,73.0,8.54400374531753
12,77690222.4912811,13002.731680567133,6.04636204305372e-05,12816.471100347964,3.88217554585281e-06,490.0,39991.32349999995,0.0,0.14569781049123076,0.0036312092821402103,0.03160134541983314,0.03105679534428504,42.0,6.48074069840786
13,77690218.69398153,13002.731868847804,5.779460047033034e-05,12816.471100164004,4.429230545696855e-06,499.0,39991.38379639283,0.04299991299583792,0.15736421496049674,0.0036849642736704077,0.033495322984298456,0.03238520920184136,82.0,9.055385138137417
14,77690214.74178763,13002.732071875436,6.131490407807736e-05,12816.471104848715,3.0869608763973468e-06,526.0,39991.41240836509,0.002607901266616185,0.16472859754527025,0.0030976414850200805,0.0296990256103085,0.030692403271903562,66.0,8.12403840463596
15,77690210.83282031,13002.73227567033,5.963183107611957e-05,12816.471103760594,3.5046501484982333e-06,496.0,39991.41087741963,0.008334218989557544,0.1675358078132405,0.002181845724933425,0.03423886050284451,0.03084892817866961,94.0,9.695359714832659
16,77690207.20614184,13002.73246814569,5.483924372543224e-05,12816.471102319603,6.330413415671716e-06,455.0,39991.44779999967,0.0,0.1620514734382526,0.0038468693204566653,0.03562374262835417,0.030787045565569927,80.0,8.94427190999916
17,77690203.54688272,13002.73267222555,6.125854228722665e-05,12816.47110065083,4.7581064841017215e-06,496.0,39991.365396773996,0.06334525175155988,0.1542705062205651,0.004045818668202871,0.03173408411624674,0.03300856175302121,75.0,8.660254037844387
18,77690199.60742469,13002.732883025734,5.332220314543402e-05,12816.471100130711,3.3644225979679283e-06,525.0,39991.3031885711,0.018862142074420524,0.1424388512361846,0.00408234372927555,0.03154052689854632,0.02935741759939771,75.0,8.660254037844387
19,77690195.52756114,13002.733087695811,5.5488504458518816e-05,12816.471100739687,3.7321168183545888e-06,541.0,39991.27849279138,0.004144045674046122,0.12990424525760147,0.004033285876410682,0.03664069669819097,0.031885179411470344,67.0,8.18535277187245
20,77690191.58495675,13002.733284529717,5.674887756506862e-05,12816.471102245421,4.852901190353272e-06,494.0,39991.29079999999,0.0,0.11898896329095592,0.005395180899886854,0.031151967007444735,0.02922390555843384,88.0,9.38083151964686
21,77690187.95063257,13002.733475490828,5.602782354295319e-05,12816.471099918575,5.4307344742243975e-06,461.0,39991.36795748406,0.04504673434918531,0.10974417828117314,0.0036400243526071912,0.029162004317336357,0.03266666567014644,67.0,8.18535277187245
22,77690184.1583773,13002.733680530582,5.9458678842704426e-05,12816.471104114493,5.129634709488636e-06,532.0,39991.42014360952,0.03266736732340409,0.09938451798442577,0.003960018019841413,0.024285812180813836,0.03146714094832082,88.0,9.38083151964686
23,77690180.36091664,13002.733889512407,5.6993131223371316e-05,12816.471104903718,5.062023728391531e-06,458.0,39991.45961593903,0.01509422003015197,0.09145811930991483,0.0022739413486998765,0.029337725131763876,0.03033160531092058,58.0,7.615773105863909
24,77690176.86518215,13002.734070764134,5.577071289743103e-05,12816.471102262942,3.977808088484328e-06,443.0,39991.31609999991,0.0,0.08478537727327505,0.0024881544128973884,0.030602491590821988,0.03180677708361364,95.0,9.746794344808963
25,77690173.27374868,13002.734272146616,5.6897483615787696e-05,12816.471103233833,3.837159014802024e-06,498.0,39991.34390361446,0.024357911962666665,0.0786404756263904,0.0020786513128005723,0.024998444446347832,0.029036466732274085,134.0,11.575836902790225
26,77690169.30781092,13002.734479835899,5.905576388981906e-05,12816.47110342138,3.0473709785666047e-06,531.0,39991.36846930354,0.005096741411922458,0.07443850943171551,0.0018448782819382524,0.023078330796828923,0.03199072938853709,98.0,9.899494936611665
27,77690165.54391424,13002.734679923691,5.7836449071411005e-05,12816.47110290907,2.6525586527523903e-06,452.0,39991.37639999994,0.0,0.06911683948759981,0.0016073735429657113,0.027849207309054658,0.03143078534440005,126.0,11.224972160321824
28,77690161.75400186,13002.734870973343,5.593003708355926e-05,12816.471099649805,2.7588255928753546e-06,544.0,39991.40277352942,0.008942354659408095,0.06601229383007068,0.002049932734041639,0.029443003064741406,0.03234561965635369,128.0,11.313708498984761
29,77690157.9512157,13002.735078163196,5.909746098916429e-05,12816.471100551073,3.572122895122259e-06,455.0,39991.352673626374,0.043028662826442104,0.06270228289234449,0.0011041245077070233,0.025186175178750752,0.032164039590797576,153.0,12.36931687685298
30,77690154.19376434,13002.73525684697,5.393919565068601e-05,12816.47110163325,2.9080254387227737e-06,532.0,39991.32585733051,0.013524282512485988,0.06074882981661671,0.0014327796697991212,0.02937557310982788,0.03143291094442985,198.0,14.071247279470288
31,77690149.8001524,13002.735463498258,5.889524510421296e-05,12816.471101197403,3.3979730558856484e-06,607.0,39991.35751828647,0.02177210295759915,0.058009017965595516,0.0014373741376820515,0.01962173404081574,0.030472928509016357,215.0,14.66287829861518
32,77690145.27042945,13002.735669895743,5.7527487939533796e-05,12816.471100213741,3.626865065145787e-06,571.0,39991.411800000475,0.0,0.0560067793961919,0.001339208403985534,0.028768945361574448,0.03227791558386961,257.0,16.0312195418814
33,77690141.22054605,13002.735874251368,5.640354203427613e-05,12816.471102575653,4.506848109440469e-06,494.0,39991.45405789481,0.006954197326153197,0.05474438055390377,0.0014039639479541401,0.025013491608631706,0.03089823588802349,377.0,19.4164878389476
34,77690137.4526571,13002.73607566379,6.032317002685192e-05,12816.47109917413,5.425901759324754e-06,493.0,39991.39922900631,0.0432348144121316,0.05333814218726731,0.0014056133727099423,0.023380814116534136,0.030053036748077258,399.0,19.974984355438178
35,77690133.78321345,13002.736281422642,5.7076541861439345e-05,12816.471098679514,3.659605336648125e-06,464.0,39991.37772995694,0.021631860633129475,0.0528636371226882,0.0014212457753872403,0.022766530438869198,0.03138196661725592,359.0,18.947295321496416
36,77690130.12880339,13002.736474370782,5.998095136468503e-05,12816.471103198184,4.1659627922572745e-06,494.0,39991.41719999949,0.0,0.051789336187336665,0.0012848432106534215,0.025647381249089413,0.03105410840667139,406.0,20.149441679609886
37,77690126.21852368,13002.73667017174,5.893331959108668e-05,12816.471102069017,3.2489605882460325e-06,532.0,39991.36737293233,0.018114268505420732,0.05092606105905917,0.0013961441014833217,0.02043572213903318,0.032573903516415696,300.0,17.320508075688775
38,77690122.29414684,13002.736879206557,5.550328684518307e-05,12816.471101144789,2.7678400326352437e-06,494.0,39991.375976113566,0.012529735681644182,0.04981242615602223,0.0013385856898442097,0.023798980382724096,0.033038073957872484,259.0,16.09347693943108
39,77690118.6408464,13002.737074729554,5.71862996720455e-05,12816.471102464844,4.3053224227400556e-06,458.0,39991.37789934489,0.016439147764761648,0.04867924752437711,0.0009687218651548885,0.024813858585377078,0.030126238104495023,280.0,16.73320053068151
40,77690115.01271135,13002.737273794306,5.694225777237213e-05,12816.47109974695,4.148849010178503e-06,497.0,39991.34579999992,0.0,0.04733121143359862,0.001366074894993029,0.01895056411716127,0.03186074661434858,169.0,13.0
41,77690110.90224376,13002.737481975324,6.104792067847341e-05,12816.471100992083,3.6058067424839455e-06,570.0,39991.43115087745,0.03196342441521071,0.04554170566507157,0.0012727024942091078,0.026710167361792814,0.030432837611732454,118.0,10.862780491200215
42,77690106.84970996,13002.737671374394,5.209537151527378e-05,12816.47109829554,4.117532439830333e-06,498.0,39991.40406385554,0.028635548996118095,0.04405261373126869,0.0012255279230415914,0.02525273781712682,0.028916579189502963,152.0,12.328828005937952
43,77690102.62432276,13002.737868757855,5.98124120348146e-05,12816.471100247194,4.696043446774019e-06,617.0,39991.38563808712,0.0028796630504791514,0.04274145142922452,0.0012214636070483431,0.021231980075541508,0.03150553716786223,147.0,12.12435565298214
44,77690098.38533513,13002.738068511746,5.428411686685936e-05,12816.471098491187,4.089890020501337e-06,494.0,39991.401866801905,0.025445783582554216,0.04181822547957501,0.0011916432668356179,0.022945360071825308,0.030287064007882215,88.0,9.38083151964686
45,77690094.61144352,13002.738263387586,5.639123867502753e-05,12816.471102168935,3.0251144692463285e-06,498.0,39991.451699999794,0.0,0.04048722249169489,0.0010641616830606093,0.020719710785954717,0.03071991555550434,95.0,9.746794344808963
46,77690090.53304009,13002.73846278855,5.7798708011298e-05,12816.471101207371,4.631239437729611e-06,568.0,39991.422857217956,0.010556946466625923,0.039311554039180935,0.001124255038091523,0.025913442435691075,0.03147207023301227,100.0,10.0
47,77690086.30660595,13002.738676073164,6.416841301737928e-05,12816.471098602891,2.942727876547269e-06,534.0,39991.33426011241,0.05721634498338464,0.038653734990941255,0.0014085294815052983,0.02350323800803275,0.028813490254794516,76.0,8.717797887081348
48,77690082.35710773,13002.738870186216,5.649602406040284e-05,12816.471099738394,3.2357535521960636e-06,506.0,39991.345047035655,0.06010063013978983,0.0375431654763271,0.0012955604824545185,0.022342173247475346,0.030707982177742833,91.0,9.539392014169456
49,77690078.23508693,13002.739073874043,5.798591374366308e-05,12816.471100532328,3.444942368708065e-06,566.0,39991.41498021171,0.006393724584634279,0.037440736306132344,0.0010468256202660915,0.018161130395401008,0.029925967481623232,58.0,7.615773105863909
50,77690074.05484095,13002.739274859361,5.642893140997763e-05,12816.471101810183,4.979224655126947e-06,534.0,39991.40190000051,0.0,0.036723888373593895,0.0011263970644276946,0.024833741902246843,0.029751065192427657,58.0,7.615773105863909
51,77690069.98182185,13002.73947478911,5.3834936031136355e-05,12816.471100515682,2.9588609930664354e-06,530.0,39991.413379244834,0.0024472783768263204,0.03551068685618087,0.0011181015080707949,0.02782427255923964,0.032895383166175844,74.0,8.602325267042627
52,77690065.90200399,13002.739672003025,5.399705507457302e-05,12816.471099720648,4.3538466834067035e-06,538.0,39991.42890501843,0.009727908793740322,0.035363421582176,0.0010467544057034936,0.021926197968928345,0.030174555533275596,113.0,10.63014581273465
53,77690061.8080575,13002.739866749866,5.7908022270289855e-05,12816.471100227613,3.867614637765615e-06,537.0,39991.41661675956,0.019781004803552344,0.0351143723378647,0.0012293961959543972,0.017157972623999086,0.031159990116925364,84.0,9.16515138991168
54,77690057.87289461,13002.740073650091,6.0553438826260886e-05,12816.471100460307,4.028531159976767e-06,492.0,39991.3950522358,0.0012729582322702029,0.035296496275378925,0.001059151816363981,0.02251568893966556,0.0310615067085666,81.0,9.0
55,77690053.94515008,13002.740266848577,5.956642496620568e-05,12816.471100284112,4.62742510150287e-06,531.0,39991.39210000001,0.0,0.03533608845774998,0.0011088467824589474,0.021724823569281723,0.02959427834049042,104.0,10.198039027185569
56,77690049.70446236,13002.74048448584,5.379121894639944e-05,12816.471103903012,3.1000014781681488e-06,578.0,39991.390649481036,0.0004660480323460005,0.03450727494390936,0.0010923706687682067,0.02670172896824585,0.03241399417994802,80.0,8.94427190999916
57,77690045.62992534,13002.74067778025,5.193864565262906e-05,12816.471099182356,3.1111878610471944e-06,496.0,39991.40302580651,0.007980398919430715,0.03509368083070535,0.0010918307741030141,0.02061147098397292,0.03181067506098242,73.0,8.54400374531753
58,77690042.00489679,13002.74087282465,5.485867513710187e-05,12816.471099880315,3.194483742732894e-06,459.0,39991.41361111102,0.008502459612024617,0.034869991756895945,0.0011712765707695184,0.023683500998357313,0.02949606924222909,83.0,9.1104335791443
59,77690038.18398677,13002.741067086805,5.928355772289261e-05,12816.471099908762,3.962527469075119e-06,537.0,39991.42540018601,0.009444765785658137,0.034811781120842246,0.0012280280894435404,0.018343223651056968,0.03250548691821212,69.0,8.306623862918075
60,77690034.11100356,13002.741262020916,5.9503871269214174e-05,12816.471099887149,4.241279243851418e-06,542.0,39991.35689999944,0.0,0.03446727322008541,0.0011722084576262406,0.019956720992928452,0.03068490962039477,113.0,10.63014581273465
61,77690030.17733763,13002.741462094536,5.715525583372105e-05,12816.471098688779,2.7547312632757783e-06,486.0,39991.31279958803,0.025137978815373427,0.034850642925765646,0.001029100167571095,0.023161440882363587,0.031053084730560378,78.0,8.831760866327848
62,77690026.27559637,13002.741672479613,5.8811125573474406e-05,12816.47110015376,2.917826012505466e-06,538.0,39991.29962918238,0.0012453053917041391,0.034431045288233444,0.0010828160920041039,0.026986097118917265,0.031255615686618526,106.0,10.295630140987
63,77690022.3112685,13002.741875605234,5.955889517396506e-05,12816.47109889777,4.009954054494095e-06,495.0,39991.31128929316,0.025809770187633543,0.03411127001719822,0.001052975005502954,0.024845408084388697,0.030930139075679115,82.0,9.055385138137417
64,77690018.5575054,13002.74205643236,5.975073889149128e-05,12816.471100336159,4.175222149705901e-06,500.0,39991.375900000254,0.0,0.03402705061421448,0.001186380973782897,0.02265396261157284,0.03168663648624017,76.0,8.717797887081348
65,77690014.43977377,13002.742268053375,6.0432137159414685e-05,12816.471100162393,3.6727664448559895e-06,577.0,39991.380724956776,0.0021708775723679333,0.033557429601794066,0.001203920714226452,0.019282318207036027,0.031241292169213345,61.0,7.810249675906654
66,77690010.21904474,13002.742473988177,5.408327456021025e-05,12816.471100903998,4.389686555758908e-06,525.0,39991.38092514314,0.000574502967869199,0.03332677403389003,0.0010924329084719036,0.01904431471025727,0.030642938463121095,61.0,7.810249675906654
67,77690006.15058868,13002.74266827525,5.896409011708378e-05,12816.471098155462,2.900119958737119e-06,536.0,39991.37517500005,0.006563516405427169,0.032735553103940926,0.0010512603438558705,0.023623084045378644,0.031459958434452276,61.0,7.810249675906654
68,77690002.10252117,13002.742876462677,5.4530293840526395e-05,12816.471099501525,2.6944131248566224e-06,524.0,39991.38273511479,0.03799689213886998,0.03258744647670435,0.001228773161956687,0.02541375669046167,0.03161087371527953,36.0,6.0
69,77689998.16513072,13002.743078764555,6.0140353517196335e-05,12816.471099829409,3.6087687518681096e-06,498.0,39991.47489999983,0.0,0.03305128797448219,0.0011540185921691346,0.021521560526808797,0.02947576035944905,103.0,10.14889156509222
70,77689994.37350157,13002.74327278782,5.514044011577161e-05,12816.471100211927,3.1114019115190337e-06,497.0,39991.41685633781,0.028795110568294292,0.032986019187173816,0.0011289017776435312,0.02224118905316088,0.031399116844908426,96.0,9.797958971132712
71,77689990.41099629,13002.743470885564,5.792333881618968e-05,12816.471100785322,4.4985452587673626e-06,540.0,39991.38009629661,0.02170521824099539,0.03256153288316251,0.001159682840186781,0.02301220406935484,0.03172072275227159,74.0,8.602325267042627
72,77689986.02666004,13002.74368136624,6.0119980630802884e-05,12816.471098508755,4.194110404501487e-06,603.0,39991.361349254184,0.002879232311723604,0.03234757374431564,0.0010725497640235607,0.017352069343802227,0.03113079405374228,112.0,10.583005244258363
73,77689981.83321652,13002.743877887237,5.2415606709008254e-05,12816.47109919776,2.8585161029306215e-06,495.0,39991.35953777796,0.017099972983751682,0.03272112490847948,0.0012717345788438455,0.02128964017858557,0.031108360476605243,70.0,8.366600265340756
74,77689978.05136065,13002.744069899178,6.0198896191830126e-05,12816.471099982084,3.6149576617599073e-06,489.0,39991.3079999999,0.0,0.03217106942712715,0.001125507707755151,0.024547827925979315,0.030210697138115812,89.0,9.433981132056603
75,77689974.1217184,13002.744270335717,5.615056647993205e-05,12816.471100213254,3.9072908851762546e-06,538.0,39991.35368364249,0.025418251637081397,0.03190537547262742,0.0011231854005259133,0.02519104349024164,0.032237441276665606,113.0,10.63014581273465
76,77689970.34564634,13002.744471757538,5.8096717961613813e-05,12816.471099288721,3.487740240875855e-06,452.0,39991.327179645756,0.04626596527422306,0.03211656621022828,0.0010965619791474222,0.01805771423776592,0.03199693580243528,50.0,7.0710678118654755
77,77689966.55665271,13002.744660871771,6.0539016025214946e-05,12816.471097208501,3.09412380302682e-06,537.0,39991.287541526544,0.0340190542598382,0.03170562715129787,0.0010281331034047152,0.023340878969485758,0.030912153635949843,87.0,9.327379053088816
78,77689962.01927097,13002.744873618234,5.521954625292854e-05,12816.471097144591,2.0331455601736373e-06,646.0,39991.37967151745,0.009612518974312858,0.031928818563326335,0.0011875561598100209,0.0221968658359019,0.03285781260772454,122.0,11.045361017187261
79,77689957.65805471,13002.745069945895,5.229739419313629e-05,12816.471099273424,4.234529165025265e-06,500.0,39991.41180000043,0.0,0.0320416283586587,0.001039681342266672,0.02073564210466115,0.031357170311353856,92.0,9.591663046625438
80,77689953.72678767,13002.745265215737,5.633067011543692e-05,12816.471097720254,4.127402902909685e-06,539.0,39991.34782040817,0.03445476199217735,0.031587492411004246,0.0010382777588949206,0.020691300606405207,0.030095202437387954,87.0,9.327379053088816
81,77689949.49607374,13002.74546502848,6.104656454063705e-05,12816.471098085043,3.4115086778213732e-06,566.0,39991.34411272093,0.012999043425131173,0.03170828614981893,0.0010701621567159587,0.023396117306087323,0.030351339274590307,95.0,9.746794344808963
82,77689945.43405057,13002.745680366126,5.668100581344372e-05,12816.471098454454,2.2525914653125082e-06,496.0,39991.36241068552,0.010456357920508287,0.03214723615116495,0.0009830418504162782,0.022104256696857887,0.030550161821199413,50.0,7.0710678118654755
83,77689941.7892618,13002.745877595115,5.565936292229163e-05,12816.471098258879,4.1739777125981025e-06,465.0,39991.37819999995,0.0,0.0322502478715033,0.0010408021588823155,0.019440364784932034,0.03228285592094677,47.0,6.855654600401044
84,77689938.0137964,13002.746072819918,5.503599813548211e-05,12816.4710971726,2.947912630775138e-06,534.0,39991.43014756514,0.018325313993812882,0.031717251510243724,0.0010502000325666736,0.031154251341250362,0.028369752080292694,79.0,8.888194417315589
85,77689933.78908567,13002.746269507063,5.766878376674409e-05,12816.471098972987,5.41112429125631e-06,576.0,39991.363715277956,0.05077815117174675,0.03296005609897071,0.0010870284472767919,0.021099155574829363,0.030424889849198885,92.0,9.591663046625438
86,77689929.52806935,13002.746479875588,5.5146564653679164e-05,12816.471101123892,2.221012649138421e-06,546.0,39991.311987180015,0.01729308023747019,0.033355931942738073,0.0011746471228057716,0.019516166786099888,0.030758714500048308,80.0,8.94427190999916
87,77689925.58107229,13002.74668000413,5.927291108086465e-05,12816.471099219341,3.4782907910026897e-06,495.0,39991.31913575765,0.056098892550009556,0.03362352311954735,0.0011664908188700038,0.02192955878514579,0.030316907409557045,133.0,11.532562594670797
88,77689921.81437479,13002.74687611271,4.884084257120383e-05,12816.471098994945,3.0538867896844733e-06,491.0,39991.4431000001,0.0,0.034121597593616014,0.0010428972108366163,0.023199241673325256,0.03141806291300896,120.0,10.954451150103322
89,77689917.90720458,13002.74707185915,5.9465825676291425e-05,12816.471098286564,3.3831982712661986e-06,537.0,39991.394071508395,0.022020175370464735,0.03410675583589321,0.0011355317518242872,0.022254858273974585,0.03173488343585216,81.0,9.0
90,77689913.98241168,13002.747277525648,5.645664967474115e-05,12816.471098327385,3.793307781610426e-06,497.0,39991.40359557306,0.01730260272347614,0.034404985375463194,0.0011984386962529384,0.02332460678865966,0.03000179413074799,119.0,10.908712114635714
91,77689910.18536733,13002.747468160467,5.7102990309949086e-05,12816.47109975861,5.137654391833877e-06,498.0,39991.41689156608,0.0040831756292304695,0.034902675826523316,0.0010339706420812427,0.022972684012247387,0.031063444781470273,85.0,9.219544457292887
92,77689906.24412933,13002.74766845876,5.848545742131668e-05,12816.47109970169,4.213613728740463e-06,528.0,39991.40900000037,0.0,0.03502147616599661,0.0011456683976811544,0.023954348016294445,0.03375080629152702,119.0,10.908712114635714
93,77689901.88227263,13002.747876020752,5.9157674183090305e-05,12816.471097810612,5.061816817386977e-06,609.0,39991.359295401824,0.010920546417349082,0.035650133378990354,0.0012403520359023001,0.019576306539077323,0.03195514261274835,103.0,10.14889156509222
94,77689897.47979988,13002.748072438437,6.054599426577656e-05,12816.471098264434,2.0606917967010366e-06,528.0,39991.35509431838,0.0007296940622999058,0.03665927409843745,0.0011582275524256924,0.021117948610098188,0.02958448986059374,138.0,11.74734012447073
95,77689893.25800107,13002.748287053313,5.803780747772115e-05,12816.471099958482,3.27964421769458e-06,572.0,39991.36638146876,0.008828744594341133,0.037591194875648805,0.0012993249070763363,0.027022876977356995,0.03171548820180842,130.0,11.40175425099138
96,77689889.3352264,13002.74848462207,5.217280725919289e-05,12816.471099805762,2.8414452147491387e-06,450.0,39991.36933333326,0.005332799707292047,0.03866745067918441,0.0013186120617900774,0.02089499047992035,0.03176597148135187,195.0,13.96424004376894
97,77689885.29638728,13002.748671008487,5.717981571472386e-05,12816.471099025475,4.38783295665132e-06,612.0,39991.36371993469,0.004510685035433325,0.03910075700257339,0.0012052601055379756,0.022919759669726418,0.033915268679165264,261.0,16.15549442140351
98,77689880.75827727,13002.748876148595,6.108461639699897e-05,12816.471100260776,3.9996526694853085e-06,577.0,39991.37404869978,0.002690183263380419,0.03987151990700141,0.00122056922281914,0.020928679044481403,0.029880120329690604,273.0,16.522711641858304
99,77689876.69837435,13002.749073392686,5.847237563489708e-05,12816.47109649443,5.650445925864672e-06,495.0,39991.34530000014,0.0,0.040743697523640904,0.0013618769146322791,0.026345196578923376,0.03261278442063384,312.0,17.663521732655695
100,77689872.90318458,13002.749271265347,5.990889870667069e-05,12816.471097273026,3.6203813077069173e-06,501.0,39991.38889680642,0.031974131878805434,0.04252122933615664,0.00129209160258199,0.025641401874775004,0.02943792101161568,301.0,17.349351572897472
101,77689868.81186014,13002.749478060226,5.967830185148952e-05,12816.4710979681,3.967957156908668e-06,572.0,39991.39575524523,0.019758498775418028,0.04511058363125162,0.0014115913134662434,0.01985082005133153,0.029803745305044222,463.0,21.517434791350013
102,77689864.60292919,13002.74967184876,5.6205887932476225e-05,12816.471099612987,3.351645891210673e-06,532.0,39991.36060225556,0.02412814647062989,0.047366567155494324,0.0014779929701143396,0.021162212551280937,0.032356098944521204,496.0,22.271057451320086
103,77689860.38309924,13002.749866728882,5.775777294203586e-05,12816.47109881368,3.3461894214776926e-06,577.0,39991.31169653354,0.010099800007558585,0.049168214100170825,0.0015124402835758745,0.02866566291598691,0.029158904991841136,617.0,24.839484696748443
104,77689855.9982909,13002.750074395151,5.9714445227044066e-05,12816.47109845067,5.395820917172687e-06,572.0,39991.39680000019,0.0,0.05194738487526868,0.0017890232327038783,0.02222176222657923,0.031852410434479506,602.0,24.535688292770594
105,77689851.9074332,13002.750265830666,5.731667902315918e-05,12816.471098092044,2.9324988083052764e-06,496.0,39991.344386290155,0.02369049703860786,0.05553443361089875,0.0016843002568979364,0.023814560732489113,0.031062331835719735,723.0,26.888659319497503
106,77689847.68473583,13002.750475849663,6.181769047026967e-05,12816.471097071098,3.0517371318093735e-06,625.0,39991.36648272039,0.0279650942331099,0.05855602823064134,0.001545850480294089,0.029579652230443055,0.029471855630484455,722.0,26.870057685088806
107,77689843.44580813,13002.750669509025,5.4573003371217734e-05,12816.471097313637,3.008405402788786e-06,488.0,39991.36787377029,0.029365729779809068,0.06378321331351838,0.0013375460514997105,0.024256326842275702,0.02941345674654503,292.0,17.08800749063506
108,77689839.5472761,13002.750874836958,5.97082346699584e-05,12816.471098472755,4.091022487176593e-06,534.0,39991.333966292696,0.013467554877133888,0.06890606734818225,0.002291620677673849,0.0201326281816888,0.032106864611899454,333.0,18.24828759089466
109,77689835.48108736,13002.7510766973,5.878631469059247e-05,12816.471099046346,4.206874685260434e-06,530.0,39991.3745000001,0.0,0.07438650450662242,0.002715962273403181,0.024874451979385443,0.030488461558649073,240.0,15.491933384829668
110,77689831.38298452,13002.75127725007,5.8886441497170594e-05,12816.471099045153,3.6882121696932424e-06,542.0,39991.35561771183,0.007922234082361064,0.08165660929491665,0.002713492375541164,0.031537853159521616,0.030987488749266587,211.0,14.52583904633395
111,77689827.14779516,13002.75148432869,6.052374613310781e-05,12816.471098118445,2.888896227434769e-06,572.0,39991.42757272691,0.05781416955454127,0.09117230306206002,0.0037656445427909726,0.024959587985274947,0.030490341038780254,174.0,13.19090595827292
112,77689823.24071987,13002.751671685555,5.776513820144344e-05,12816.471097051823,4.185370975704558e-06,458.0,39991.43174279456,0.0570396744989507,0.10139353300002367,0.004133307731415578,0.028995149430154337,0.0303402980953254,84.0,9.16515138991168
113,77689819.4592219,13002.751871961933,6.099194348832695e-05,12816.471097284772,3.233089422879966e-06,531.0,39991.350841996595,0.0002792627922412087,0.11324483173361173,0.00476363626256733,0.025546855408244522,0.03417618401812578,105.0,10.246950765959598
114,77689815.51101416,13002.75206735499,5.409430268129131e-05,12816.471100035134,3.4154898690960143e-06,498.0,39991.34950000018,0.0,0.12589611107843363,0.004923065936488202,0.029787085889817197,0.03196433089972783,108.0,10.392304845413264
115,77689811.43943296,13002.75227343471,6.063851436469122e-05,12816.471098306889,2.847719080368196e-06,572.0,39991.39103601401,0.02478530007727575,0.13870098247261312,0.0046623109728261,0.037060421371099245,0.03164608116565223,103.0,10.14889156509222
116,77689807.34052825,13002.752466673035,5.343322491665855e-05,12816.47109963915,2.7286388339431256e-06,492.0,39991.391607317055,0.013808452041142961,0.1514409241650548,0.004256497352120066,0.032874982303911615,0.0307386679307882,46.0,6.782329983125268
117,77689803.40484518,13002.752675022697,6.262555251062142e-05,12816.471098546393,3.3432885912912756e-06,536.0,39991.38106846987,0.005206210730905454,0.16121099947200523,0.0014274806010327015,0.03187272530903841,0.03226438809192496,73.0,8.54400374531753
118,77689799.47440201,13002.75286957381,5.05547240941194e-05,12816.471096357296,4.078867530070934e-06,485.0,39991.390500000074,0.0,0.16508178194742504,0.0023573196494492674,0.03345750651713746,0.032085062980003104,77.0,8.774964387392123
119,77689795.42560273,13002.753074456583,5.780446523530007e-05,12816.471096923355,4.897179693506322e-06,569.0,39991.36299209146,0.008451541074083701,0.16334109887698284,0.0017589377805133466,0.03358654333664353,0.03170396711161355,88.0,9.38083151964686
120,77689791.03681411,13002.753278874958,5.4643964029741206e-05,12816.47110039903,4.277027081467427e-06,564.0,39991.374868084604,0.008281506461346469,0.15812628273348084,0.0036471305858557174,0.03703625285242425,0.03252263985098574,77.0,8.774964387392123
121,77689786.95527774,13002.75347482042,5.749162736368958e-05,12816.471101930272,5.0677117828443745e-06,498.0,39991.39660522076,0.016090695300770553,0.14831157709860832,0.004314289114226893,0.032421829417046424,0.030200045253398873,78.0,8.831760866327848
122,77689782.86825722,13002.753676388884,5.761078608936856e-05,12816.471100974424,6.1018349196396665e-06,559.0,39991.41510375722,0.005176480810193702,0.1362110310799066,0.004746594621161696,0.027391057786561226,0.030451869582450244,75.0,8.660254037844387
123,77689778.9764125,13002.753868168686,5.6002947809285867e-05,12816.471097945898,4.380230076299802e-06,454.0,39991.42320000007,0.0,0.12535226164395222,0.002481586474890195,0.031165219501156638,0.03167703466810504,48.0,6.928203230275509
124,77689775.18677676,13002.754065393707,5.7127552812683905e-05,12816.471100493593,3.5722320498785544e-06,534.0,39991.37888127341,0.013127673867544737,0.1157453487516138,0.0035782118729782014,0.03030605512352791,0.030020373819704814,77.0,8.774964387392123
125,77689771.07766761,13002.754269191519,6.114004155755412e-05,12816.471101240695,2.896204561395751e-06,536.0,39991.36341567153,0.008073127054319104,0.104844892943507,0.003621908743955704,0.03815492253658729,0.02865193885315852,72.0,8.48528137423857
126,77689766.84528719,13002.75447764703,6.068770129871592e-05,12816.471101119221,3.6368449582141446e-06,563.0,39991.33064973335,0.028919698839987587,0.0956416094323493,0.003203948676761323,0.025705104442882456,0.029419965676353733,48.0,6.928203230275509
127,77689762.63090344,13002.75467213187,5.874548966142663e-05,12816.471100203855,3.258136844449414e-06,529.0,39991.305214934015,0.009226075963624967,0.08847456787918345,0.0016828935297336302,0.027031165767663814,0.029700524857992943,47.0,6.855654600401044
128,77689745.83220653,13002.75487199065,6.0090257298841625e-05,12816.471098703765,4.493848325503468e-06,543.0,39991.32481270686,0.01299918123978335,0.0809435339322615,0.005116012021162206,0.030654175739479355,0.030778528059838977,106.0,10.295630140987
129,77689754.5947379,13002.755074170047,5.774117283748968e-05,12816.471097007334,3.1510871693912277e-06,566.0,39991.32822084825,0.001632997133848681,0.07512938791275504,0.0021088664922305957,0.030859809243047258,0.030611257100327326,96.0,9.797958971132712
130,77689750.2689615,13002.75528173198,5.9373825596206216e-05,12816.47109635894,4.634567506036914e-06,569.0,39991.36788295267,0.02128896776662229,0.07129326657765124,0.0021237690397529433,0.020504489202904475,0.031127372817071532,42.0,6.48074069840786
131,77689746.18404658,13002.755472801355,5.575154157067616e-05,12816.471097609348,2.6031179033829147e-06,498.0,39991.34047831327,0.03537024479421053,0.06779502831316452,0.0012182963388135172,0.026777177046053955,0.029107136906132574,46.0,6.782329983125268
132,77689742.25165509,13002.755675981614,5.800960655719727e-05,12816.471098417354,4.46727448866526e-06,541.0,39991.31220628486,0.006355892368385543,0.06358986307737016,0.0013797895603434988,0.028356035093971776,0.03287476973027784,62.0,7.874007874011811
133,77689737.85058746,13002.755882254683,5.4011783890885026e-05,12816.471098384467,3.548291618024913e-06,605.0,39991.322799999565,0.0,0.061034367250624035,0.0015130407161841864,0.019720743148031822,0.03134955213346418,102.0,10.099504938362077
134,77689733.51005344,13002.7560777697,5.7259530416461473e-05,12816.471098204733,3.8319157636715915e-06,532.0,39991.32279999961,0.0,0.0582317723704026,0.0013270309432662976,0.030447069186686306,0.03173120103282953,91.0,9.539392014169456
135,77689729.2741717,13002.756271990884,6.13473730336549e-05,12816.471098835618,4.092389318845516e-06,579.0,39991.35266183099,0.008883516326749845,0.05683372961626545,0.0012879085973257667,0.023649849398637682,0.028585967049197653,62.0,7.874007874011811
136,77689714.71836483,13002.75649241702,5.8809956205237466e-05,12816.471099091674,3.437460568942767e-06,528.0,39991.370109469884,0.00843854586285647,0.05444891193247574,0.002709992049100902,0.025770316417724815,0.03176619106140105,66.0,8.12403840463596
137,77689721.57775564,13002.756674710134,5.724395888281904e-05,12816.471097147021,4.9888832313579905e-06,457.0,39991.372079868495,0.004535975786348258,0.05362751765912275,0.0008993834896939953,0.02579801350655987,0.028269755009911992,93.0,9.643650760992955
138,77689717.77447842,13002.756870556901,5.779336959277933e-05,12816.47109911314,3.341802980885873e-06,538.0,39991.36575353127,0.0012289935344132253,0.053121980200161664,0.0009484864532518161,0.020533441781662075,0.0307400064658276,103.0,10.14889156509222
139,77689713.55157429,13002.757073043023,5.663579645811373e-05,12816.471098773241,2.9487627315813514e-06,573.0,39991.37170000001,0.0,0.0521857135994514,0.0011549157224244144,0.03108653936477175,0.030688186662083203,65.0,8.06225774829855
140,77689709.34581605,13002.757271707038,5.676738426167079e-05,12816.471098917124,3.4045667043031377e-06,536.0,39991.345324627,0.010812923643681686,0.051666832124310204,0.0013599130256472577,0.023766684128498174,0.029913160776277706,105.0,10.246950765959598
141,77689697.27025843,13002.757477834202,6.116073361912121e-05,12816.471096857922,3.2877517531806123e-06,612.0,39991.316319607955,0.024794960319023365,0.05176349205195693,0.004049916090887137,0.019066117471393532,0.031580650436389635,98.0,9.899494936611665
142,77689701.01966718,13002.757667425112,5.2807349710572245e-05,12816.471094511266,2.84696812900563e-06,486.0,39991.337475308654,0.05001337603356925,0.04952525827705612,0.0013547246634108237,0.02426125870311648,0.031967371256284516,57.0,7.54983443527075
143,77689696.81668983,13002.757870903419,6.276647665636882e-05,12816.471098418755,2.544712853163353e-06,613.0,39991.39070587312,0.015664718226106943,0.04777272197331953,0.001384115239180354,0.02901511927299946,0.030021465026326914,83.0,9.1104335791443
144,77689692.42151819,13002.758077487702,5.575581702478859e-05,12816.47109777593,3.5859829470910604e-06,540.0,39991.36306666635,0.005754146688282962,0.04574310323559163,0.0014073776187277,0.018669717259776675,0.03253407455731707,51.0,7.14142842854285
145,77689688.62161346,13002.758278312644,5.783010581895582e-05,12816.471098135267,3.952326124486922e-06,452.0,39991.40120000016,0.0,0.04419674350928109,0.001173687106110536,0.023998105007225594,0.030511623923057965,71.0,8.426149773176359
146,77689684.87600623,13002.758465481913,6.0004585957342574e-05,12816.471099161587,2.3898982240199422e-06,531.0,39991.39890753322,0.0017980019795924246,0.04339456689015067,0.0012782649943872898,0.01960319329548308,0.03292667286681944,67.0,8.18535277187245
147,77689680.79305404,13002.758659828358,6.134275970416324e-05,12816.471098959886,2.6737058622774924e-06,534.0,39991.36498408301,0.041231017892567653,0.04185864783974463,0.001146266744412242,0.02978186122803255,0.03003221603931051,54.0,7.3484692283495345
148,77689676.70175654,13002.758880984864,5.8265160198133864e-05,12816.471099482995,1.912938248692304e-06,530.0,39991.3188015096,0.015273823241734243,0.04061096572214515,0.0012322982348599609,0.022334863154425493,0.03216146860185525,45.0,6.708203932499369
149,77689672.93348262,13002.759069419788,5.63270948499191e-05,12816.471101390911,3.2531849141240913e-06,456.0,39991.357599999836,0.0,0.03911992196322332,0.0012305504102327182,0.02531784076521673,0.03209510044555432,103.0,10.14889156509222
150,77689663.53186277,13002.759263452506,5.5210839239567104e-05,12816.471098397242,2.321963805149858e-06,572.0,39991.3459124127,0.010154817503240158,0.03862858989742927,0.001266996697073584,0.024749118708047177,0.0305532289864763,102.0,10.099504938362077
151,77689665.0532227,13002.759475834651,5.948946663849564e-05,12816.47109793186,5.432282967164465e-06,528.0,39991.353549999825,0.014063323839639914,0.03750278052717799,0.0011776502292298744,0.04071732507208125,0.0300673771327778,79.0,8.888194417315589
152,77689660.97352232,13002.759678517388,6.026046311292236e-05,12816.471097086383,3.070500059725923e-06,530.0,39991.37417509438,0.01142790595473788,0.03696232378273368,0.001096349601798257,0.11510247006362488,0.06488109801516638,58.0,7.615773105863909
153,77689656.88615127,13002.759885988968,5.491894404116077e-05,12816.47109641546,4.3648648749782136e-06,534.0,39991.393093258506,0.008513965539523948,0.03663334019209922,0.0011884218618489336,0.6933646293576304,0.2686968890992677,45.0,6.708203932499369
154,77689652.93797618,13002.76008431536,5.673690725384731e-05,12816.471096543148,5.50407272785969e-06,495.0,39991.31329999992,0.0,0.0355652076363099,0.0014081646844978013,1.1977448258449828,0.11786191346644412,97.0,9.848857801796104
155,77689649.33344364,13002.760271956453,5.8104585433925375e-05,12816.471097404208,4.432707045436687e-06,454.0,39991.35085022039,0.0286753416839676,0.03530075501403124,0.0011178597639744075,0.4602749035461222,0.22331709303637068,44.0,6.6332495807108
156,77689640.36910339,13002.760472217371,5.50480585505414e-05,12816.47109955718,3.6393542218244406e-06,502.0,39991.36858426278,0.009131586922002239,0.03548450201094767,0.0028098982603490313,0.09884941928154317,0.044468972251461604,65.0,8.06225774829855
157,77689642.18330133,13002.760661008362,5.802764629438068e-05,12816.471097944372,2.291810823876863e-06,492.0,39991.34780000001,0.0,0.03464933293289968,0.0011398050245234749,0.04800376256784587,0.029882463727852752,75.0,8.660254037844387
158,77689638.2524463,13002.760876032795,6.211948318318912e-05,12816.471097541682,3.197757230930109e-06,537.0,39991.347635009646,7.607225347662428e-05,0.03516092483278059,0.00118405533514224,0.028831010676505977,0.027536616551928243,117.0,10.816653826391969
159,77689634.44290131,13002.76107807388,5.394240531503872e-05,12816.471098036329,3.3230095845657247e-06,453.0,39991.31362295824,0.0321864727682274,0.034749067494855665,0.0011333821973406092,0.02803395539724772,0.030617855844831635,64.0,8.0
160,77689630.6634878,13002.761267944583,6.047901318611064e-05,12816.471098841523,3.6444362995936005e-06,532.0,39991.29823947345,0.030357114000244233,0.03459455648551583,0.0011603688029623563,0.016086054003583695,0.0322908731409979,123.0,11.090536506409418
161,77689626.74744685,13002.761469660918,5.795675232913365e-05,12816.471097430986,3.265760199794727e-06,496.0,39991.35940000033,0.0,0.0349060049710211,0.001077511333234079,0.02391735139049896,0.030037816295573207,44.0,6.6332495807108
162,77689622.96980886,13002.761672940676,5.722845396967675e-05,12816.471096897554,3.3916260785348003e-06,498.0,39991.31160241003,0.018701333462531406,0.034693957110387606,0.0010849128545971482,0.025643755178259592,0.031950999156170966,34.0,5.830951894845301
163,77689619.32072294,13002.76186765956,5.625943911621558e-05,12816.47109776495,3.799762514548354e-06,462.0,39991.34988441595,0.046834925139916994,0.03431626990544164,0.0011879651993741095,0.02342455335193204,0.03263652080670912,64.0,8.0
164,77689615.52736454,13002.762075268041,5.886450304768254e-05,12816.471097393658,4.174852553561012e-06,535.0,39991.38085887868,0.03792828327819553,0.03424643163940101,0.001190568022399538,0.02909913635916147,0.031980022816424945,98.0,9.899494936611665
165,77689609.34508583,13002.762276787222,5.315678825814874e-05,12816.471097777285,4.359187768671647e-06,494.0,39991.30236153793,0.019978786373711963,0.034751554512515846,0.0012724960169063983,0.01810595893212524,0.03178594945431928,49.0,7.0
166,77689608.10033439,13002.762467692168,6.028937486557663e-05,12816.471096338864,2.3689044630480895e-06,497.0,39991.351670824835,0.03110132462035272,0.03408465905309156,0.00127154006897458,0.022733591495672386,0.03113431606721878,79.0,8.888194417315589
167,77689604.16849466,13002.762672043293,5.940446110558418e-05,12816.471095077224,2.707358647705356e-06,535.0,39991.400999626094,0.03424075915132818,0.03328177486990339,0.0011334195899774045,0.022031749767926174,0.030676334166635257,44.0,6.6332495807108
168,77689600.23570642,13002.762873832875,6.162726779363466e-05,12816.471096032443,4.20435001200128e-06,486.0,39991.42670946508,0.025586804597086624,0.03307536776694297,0.001040436888329887,0.02043524632971278,0.031777205972845037,101.0,10.04987562112089
169,77689596.42671177,13002.763069170913,5.8577314271151907e-05,12816.471095310642,3.414775825307187e-06,491.0,39991.36779999984,0.0,0.033123418588554575,0.001190226617729665,0.02043850632626714,0.03183881962329782,56.0,7.483314773547883
170,77689592.50995626,13002.763282134492,6.0367292601807184e-05,12816.471098346357,3.7724846142445322e-06,536.0,39991.332677612314,0.016002652312506183,0.032582134200749645,0.001076374365219703,0.02467062832248438,0.032533525782708086,60.0,7.745966692414834
171,77689587.16784167,13002.763485444782,5.0961787946074756e-05,12816.471097396308,4.384561256016797e-06,642.0,39991.33190046672,0.021345948112251212,0.03297497835754534,0.001166215208994489,0.023583562186659624,0.03112918450425076,100.0,10.0
172,77689584.69962952,13002.763635044943,4.967484346685283e-05,12816.471098644677,2.872363212292274e-06,496.0,39991.32897681464,0.022590289494618238,0.03277989611601788,0.0012649374059937818,0.013378987185578142,0.033409829227411,52.0,7.211102550927978
173,77689581.89715266,13002.763922841232,0.0,12816.471096951009,3.86893730014856e-06,39.0,39991.37149999997,0.0,0.03339810247191098,0.0005378198019913693,0.016597363671478595,0.019682571384259235,0.0,0.0
174,77689581.3081333,13002.764096570003,2.312710793979084e-05,12816.471097993553,2.6164297025094272e-06,82.0,39991.37149999993,0.0,0.03276935016563663,0.00044229053078053164,0.04104475088995346,0.020178080553124967,13.0,3.605551275463989
175,77689581.27564877,13002.764196271206,0.0,12816.47110057909,8.704687488325688e-07,35.0,39991.37149999998,0.0,0.032042380198834305,0.00015492879295743217,0.05438143498953167,0.010349571292017797,2.0,1.4142135623730951
204,77689578.67910884,13002.77014054189,0.0,12816.47109855522,4.765040271093819e-07,39.0,39991.38178205125,0.017738597103012333,0.0405670924611019,0.005237644080262738,-0.007869977309925358,0.007377707478283244,23.0,4.795831523312719
249,77689578.39520346,13002.779154697662,0.0,12816.471098632155,5.4246694814726374e-08,38.0,39991.4116,0.0,0.04951079590296607,0.008206926224175227,0.02019273418321143,0.012286966313810767,1.0,1.0
255,77689571.11963814,13002.780331399286,0.0,12816.471092370135,5.467769319484313e-06,41.0,39991.40929999996,0.0,0.03778754029926992,0.0014902244650848622,0.04134961293884217,0.014565492237366829,8.0,2.8284271247461903
258,77689570.82412921,13002.78092761185,0.0,12816.471103674861,6.036147776991421e-06,38.0,39991.40929999996,0.0,0.0367171450791123,0.001472484269720479,0.0630488675769396,0.006045677850313483,4.0,2.0
263,77689571.40868609,13002.781807492373,0.0,12816.471103739947,1.2080358711135e-06,36.0,39991.40929999997,0.0,0.03603235486937061,0.00040434479265516216,0.004345419253535832,0.00802087783187852,4.0,2.0
273,77689571.12192687,13002.78386543184,5.306537760058618e-05,12816.471100347882,2.8132709100081658e-06,79.0,39991.409299999956,0.0,0.0340291657597768,0.0008671344151084876,0.017287038736332867,0.034027886920223696,8.0,2.8284271247461903
280,77689571.9746651,13002.785340312594,0.0,12816.471093313883,1.1503846545533178e-06,36.0,39991.40929999997,0.0,0.032807012219622116,0.00016023374244251347,0.011654977635118987,0.012718523564027986,7.0,2.6457513110645907
288,77689578.10695069,13002.786951381202,0.0,12816.471097244594,5.893771454033413e-07,39.0,39991.4116,0.0,0.037210318324298386,0.004672226218525575,0.0523158019660233,0.009635182333608066,1.0,1.0
290,77689575.03937186,13002.787323848434,1.7731104925923402e-05,12816.471096098496,3.8741720452023335e-06,158.0,39991.411600000145,0.0,0.033196431257188776,0.0008991038644814897,0.005004204830242338,0.025862545907758702,15.0,3.872983346207417
291,77689576.29102355,13002.787412538459,5.319778572134557e-05,12816.471096374371,4.1782863199949345e-06,374.0,39991.41159999978,0.0,0.032143044377272736,0.0009691553528065703,0.03430571609312705,0.02941704651623235,42.0,6.48074069840786
292,77689572.26179692,13002.787607236416,0.0,12816.47109088148,2.3572720833558397e-06,40.0,39991.40929999996,0.0,0.0326050856685458,0.00026322316062653604,0.048541750431427264,0.00951494629171635,6.0,2.449489742783178
293,77689573.7421904,13002.787966387215,0.0,12816.47110404665,4.8499054032528336e-06,39.0,39991.4116,0.0,0.032790846850103285,0.0006434986852817515,0.002925678130361406,0.016440823449678777,0.0,0.0
296,77689573.00921741,13002.788518192223,2.415896599398619e-05,12816.471099135772,2.639973487053098e-06,81.0,39991.409697530864,0.0008750679028715083,0.034298365178963404,0.0009271368801015487,0.025599990889029568,0.044419697225263316,5.0,2.23606797749979
299,77689573.00315471,13002.789146227558,2.437488726805747e-05,12816.471098460504,2.733144270982667e-06,78.0,39991.409299999956,0.0,0.035447590196189004,0.0006698544078308703,0.01769379746714148,0.027210405074591267,11.0,3.3166247903554
308,77689570.24632837,13002.790910797556,0.0,12816.471097951924,9.793516913489855e-07,38.0,39991.40929999996,0.0,0.06936778890854058,0.055565392631725864,0.02568067368778886,0.013873675792166737,7.0,2.6457513110645907
344,77689569.95682152,13002.797988005026,0.0,12816.471097434423,2.9515368224256477e-08,40.0,39991.40929999996,0.0,0.12030608260003343,0.0594066749491248,0.000690640067524849,0.00458812254600597,2.0,1.4142135623730951
371,77689563.23276012,13002.803457006214,0.0,12816.471100174827,1.394165672770786e-06,37.0,39991.315840540556,0.006515769736735969,0.03467712322819247,0.0004389437653092613,0.021066527957894127,0.017122621288541008,4.0,2.0
374,77689562.94681622,13002.80404028976,0.0,12816.471094336845,1.143430420345777e-06,39.0,39991.31330000002,0.0,0.03564157463103071,0.0005733004708031523,-0.015064269538371953,0.00918242479569388,1.0,1.0
380,77689563.51607385,13002.805250021282,0.0,12816.471101088739,1.1569355607956242e-07,37.0,39991.3321,0.0,0.03228571229392884,0.0009461973896267116,0.05011016929926012,0.009175848897608894,1.0,1.0
391,77689569.66785935,13002.807457453293,0.0,12816.471094823535,1.2714370456422797e-06,37.0,39991.40929999996,0.0,0.03761971438039209,0.0026115485429997806,0.0016240904349490257,0.010728399369098343,1.0,1.0
393,77689563.809286,13002.807874936841,0.0,12816.471096472285,8.359968954364583e-07,37.0,39991.3321,0.0,0.03209013221763472,0.0012150014722162343,0.05994251318914034,0.008550834587202813,7.0,2.6457513110645907
399,77689562.65875472,13002.809133231422,0.0,12816.471099021068,1.63956549313306e-06,38.0,39991.313300000016,0.0,0.035297551891883175,0.0006267095712909269,-0.010371799417039316,0.012263743271078811,1.0,1.0
403,77689564.08942091,13002.809816012028,0.0,12816.471098072754,0.0,34.0,39991.3321,0.0,0.03727927954052705,0.0009127757590495387,0.024509051054689132,0.015527562510475303,9.0,3.0
409,77689566.6886551,13002.811043770698,6.258674519372503e-05,12816.471096505129,2.135355995493849e-06,273.0,39991.33210000018,0.0,0.04027671824191612,0.0017854277661697516,0.017360047882371537,0.032108009176292064,41.0,6.4031242374328485
410,77689568.32009186,13002.811223089582,5.3350162827311634e-05,12816.471095961651,1.5145490959924018e-06,233.0,39991.379148927204,0.037745068317078447,0.04093446473504337,0.0011818070125798263,0.020701732668674346,0.033354864784279945,29.0,5.385164807134504
411,77689565.86845276,13002.811508513578,0.0,12816.471097555146,1.4968791824791772e-06,37.0,39991.3321,0.0,0.04322930658032573,0.0010518167850410778,0.02064869778517278,0.013708941991955891,0.0,0.0
412,77689565.16539748,13002.811719823294,2.3034192559426697e-05,12816.47110217529,5.5048923634334724e-06,76.0,39991.33210000007,0.0,0.045957484890428286,0.0021276242973171013,0.027282044156685625,0.03454549643367362,14.0,3.7416573867739413
413,77689565.150529,13002.811949255329,1.5424652243882338e-05,12816.471100552586,7.18481424169305e-06,77.0,39991.33210000007,0.0,0.047069788091264435,0.0015729747308246636,0.048253082251774465,0.022308441435776934,16.0,4.0
443,77689562.37822025,13002.81790456064,0.0,12816.471094445313,2.549182681580948e-06,37.0,39991.313300000016,0.0,0.05170147993482178,0.012194931054961975,0.020897617873818764,0.010705972619195743,13.0,3.605551275463989
486,77689562.09019049,13002.826420364725,0.0,12816.47109776783,2.297469181135802e-06,40.0,39991.31330000002,0.0,0.04275258016218089,0.013036717869361836,0.7136715758061392,0.5839061978402,5.0,2.23606797749979
487,77689557.68612668,13002.826598819476,0.0,12816.471092446898,0.0,36.0,39991.39070000002,0.0,0.033318681308409565,0.0005821728465161181,0.9700753640126106,0.20059283059224048,5.0,2.23606797749979
488,77689557.39555088,13002.826901591028,0.0,12816.471094538963,3.53486813016827e-07,37.0,39991.390700000025,0.0,0.03413483301619867,0.00038806672656324393,0.6962002142421867,0.4156185300833581,21.0,4.58257569495584
495,77689557.972092,13002.828257877609,0.0,12816.471095124169,6.845005635468057e-07,37.0,39991.390700000025,0.0,0.03216125224529274,0.0007022915187205082,0.16809831249599536,0.263644413005356,5.0,2.23606797749979
502,77689557.10773666,13002.829643712323,0.0,12816.4711059247,3.075658615435125e-06,36.0,39991.39070000002,0.0,0.034570443186470755,0.00026078401840585634,0.03633387439372797,0.045802934046568815,0.0,0.0
511,77689558.26476324,13002.831393394272,0.0,12816.471098237733,0.0,38.0,39991.34996315791,0.039165128047308644,0.03824926699581177,0.003228152202312635,0.05922289079624027,0.007447531707463593,2.0,1.4142135623730951
523,77689558.56190725,13002.833894652329,0.0,12816.471093265383,1.1478487692113718e-06,38.0,39991.313300000016,0.0,0.07512406585494899,0.018301102109888435,0.05354451802047383,0.00722882363910944,6.0,2.449489742783178
524,77689561.7818257,13002.834155779958,0.0,12816.471098049802,3.857836803887144e-07,42.0,39991.31330000002,0.0,0.07745666702464928,0.03878307717152723,0.3076999625466682,0.32507637158240277,7.0,2.6457513110645907
527,77689561.32999161,13002.834764710908,9.88296958329472e-07,12816.471094134655,3.9019581602599975e-06,73.0,39991.31330000002,0.0,0.10638535326350274,0.0028184185959312675,0.012396947895860877,0.0187106537772827,9.0,3.0
528,77689560.89860195,13002.83483955019,0.0,12816.471102906287,0.0,36.0,39991.313300000016,0.0,0.11316647078536862,0.0020698260468399758,-0.004115394550922676,0.005983211109556206,8.0,2.8284271247461903
529,77689560.62339573,13002.835022515748,0.0,12816.471101003171,1.950970906669973e-06,38.0,39991.313300000016,0.0,0.12021346232138247,0.00686929357458014,0.024174519952645596,0.016479639759917314,17.0,4.123105625617661
530,77689558.72495635,13002.835271851483,1.523910144058569e-05,12816.471095619516,2.9585196863725054e-06,115.0,39991.338202608684,0.036315144638048795,0.12869880626878558,0.03939948684351243,0.04486452616578588,0.02522797198082864,20.0,4.47213595499958
532,77689559.58138032,13002.835678294285,7.555409845944713e-05,12816.47109702713,1.3572106788819388e-06,81.0,39991.31330000002,0.0,0.1577405652788926,0.007593416453041748,0.03174408075725711,0.037581788649330955,29.0,5.385164807134504
533,77689559.75108981,13002.835879533259,0.0,12816.471098518388,9.795934844015756e-07,35.0,39991.313300000016,0.0,0.16235510125795444,0.0016259138088105987,0.04574466958511151,0.011855044098040082,5.0,2.23606797749979
534,77689559.4720478,13002.835995528454,0.0,12816.471099607576,3.82060158573105e-07,39.0,39991.31330000002,0.0,0.1630303116993381,0.0009237398296210561,0.007918668753237698,0.010650132890982272,5.0,2.23606797749979
567,77689556.54186249,13002.842625107543,0.0,12816.471096797799,3.1638522461644198e-06,37.0,39991.390700000025,0.0,0.04187802614409801,0.02740482824720283,0.06358741463065375,0.0038789086621555226,6.0,2.449489742783178
603,77689556.25425729,13002.849860107424,0.0,12816.471096942485,6.45666642114668e-07,40.0,39991.39070000003,0.0,0.034619782705844135,0.0009109185744160107,0.0443725610472206,0.012503605622355127,0.0,0.0
627,77689555.96267211,13002.854621479286,0.0,12816.471098460308,6.019674364539622e-07,38.0,39991.390700000025,0.0,0.039945853992234485,0.012087183180211722,0.0030364312420314726,0.011288031422172622,4.0,2.0
631,77689552.88908647,13002.855534967655,2.0950279273500614e-05,12816.471094876613,2.831805438222302e-06,222.0,39991.37162792797,0.013929630328138556,0.11165418238627214,0.0021269162679308424,0.033740709611835895,0.027326906782973896,23.0,4.795831523312719
632,77689549.8449402,13002.85567517378,5.8245126120790625e-05,12816.47109748871,2.393238450491775e-06,576.0,39991.36061909703,0.002609904200436363,0.11990382797416616,0.00484990604931598,0.027576680652129735,0.03127271133056722,42.0,6.48074069840786
633,77689545.45714347,13002.855868840084,5.807312710547161e-05,12816.471096163343,2.746004224012274e-06,578.0,39991.352899999714,0.0,0.1328875460242063,0.004549104303697757,0.03646378333069521,0.03167817188727271,69.0,8.306623862918075
634,77689540.77557793,13002.856075527194,5.987301016222202e-05,12816.471096152101,1.7395056191973523e-06,642.0,39991.394338317856,0.010107774719164266,0.14571706238844265,0.00394057098078721,0.029988989705670734,0.03211380131179959,67.0,8.18535277187245
635,77689537.37882237,13002.856279593389,5.2910942306397116e-05,12816.471097503121,3.105917822556221e-06,607.0,39991.37731515631,0.007193625778507385,0.15432593900581595,0.007889193566150898,0.03161007212951336,0.02984209757523714,92.0,9.591663046625438
636,77689531.64288084,13002.85647288501,5.776875154507221e-05,12816.471097610716,3.871201355141046e-06,609.0,39991.349031034464,0.014521117985085527,0.16108917931699226,0.002454349221115926,0.031724036429612065,0.030193328133238256,63.0,7.937253933193772
637,77689527.08873935,13002.85667725368,5.439804764424244e-05,12816.471096577814,2.995620121668901e-06,576.0,39991.37520520846,0.02528391770863087,0.16009726342853212,0.001605894753838773,0.036461791539716036,0.031653170946045354,93.0,9.643650760992955
638,77689522.72262378,13002.856871021291,5.928363096387592e-05,12816.47109688126,4.2390673080520216e-06,572.0,39991.37316520977,0.02106211303850959,0.15533898194535364,0.0035240010120449203,0.029485252516982783,0.031320393007576275,85.0,9.219544457292887
639,77689518.3914131,13002.857070212194,5.5357091923894846e-05,12816.471096288178,3.2314030790744626e-06,574.0,39991.33921324029,0.018342063878134307,0.14648290402396844,0.0037536060592565446,0.03820930447983592,0.03165803956260046,59.0,7.681145747868608
640,77689514.13905245,13002.85726603266,5.5079761917751634e-05,12816.471095334962,4.845406973377941e-06,539.0,39991.313774211885,0.005359616224072784,0.13590594474870643,0.0035248699060390493,0.03229783512167868,0.029254957812529108,43.0,6.557438524302
641,77689512.42861064,13002.857465884284,5.8931900882599865e-05,12816.47109601843,3.6158908124366308e-06,638.0,39991.334461755345,0.014164085903581428,0.1243405288190548,0.005186541422100628,0.02607909655011596,0.028921489834739907,69.0,8.306623862918075
642,77689505.27457479,13002.857673968938,5.8314375993768785e-05,12816.471096069914,4.234308231127114e-06,568.0,39991.36230809889,0.0035114935364123283,0.1139404732506792,0.0034463263741716745,0.036007775298207104,0.03070055667515852,64.0,8.0
643,77689500.91131799,13002.857875536387,5.887233367144535e-05,12816.471095982964,3.0829572487247962e-06,573.0,39991.344731413854,0.008518535381166885,0.1044896229509204,0.002784781971491125,0.024064770904409328,0.030630404525119188,67.0,8.18535277187245
644,77689496.55491447,13002.858073636171,5.4696231691840294e-05,12816.47109690378,4.164446867090563e-06,570.0,39991.36890403524,0.02051498661752975,0.0957029736444845,0.003466992183761801,0.03363905168441421,0.033497345762199565,73.0,8.54400374531753
645,77689495.95707884,13002.858266808274,5.655640082373472e-05,12816.471097012043,3.6852994059487874e-06,653.0,39991.37658851472,0.008387436188521868,0.08725265857201073,0.002635247028039198,0.02406684293987946,0.031917545610463026,103.0,10.14889156509222
646,77689487.503185,13002.858473425807,5.923872721386475e-05,12816.471096483376,2.750440622091742e-06,579.0,39991.35965941294,0.010529600400696342,0.08167335148616828,0.0025716758704195618,0.030780645564281117,0.031566663123961496,87.0,9.327379053088816
647,77689483.1512545,13002.858675377074,5.854624584299348e-05,12816.471099191936,4.196706872742771e-06,575.0,39991.34616000021,0.0009757334588759484,0.07585889723455129,0.002002472235553426,0.026549696619423666,0.02894040047921862,110.0,10.488088481701515
648,77689484.06143273,13002.858872925146,5.935353906130576e-05,12816.471096294194,3.4152946900389865e-06,575.0,39991.34805165212,0.01303610210682825,0.07117722036915601,0.0022476844642746927,0.025937600577346745,0.03228242491363583,59.0,7.681145747868608
649,77689484.22205688,13002.859072979774,5.674352307678572e-05,12816.471095855066,3.880575455707615e-06,643.0,39991.414685069954,0.008788084605671249,0.06651554399114995,0.0017859826328722036,0.03101359854015511,0.03262388915680312,78.0,8.831760866327848
650,77689475.12835643,13002.85926939919,6.46330427846954e-05,12816.471097584,2.3677473490215794e-06,653.0,39991.3997059724,0.007700343261578912,0.06368403385605313,0.0018230132198828947,0.026083240024348725,0.030379960812623206,90.0,9.486832980505138
651,77689465.49119845,13002.859483773722,5.484952884933002e-05,12816.471095070112,2.3836938767832784e-06,602.0,39991.366158969686,0.01691246016712351,0.0605433563263075,0.0016856857902974778,0.05876429250822607,0.034257516292441954,100.0,10.0
652,77689461.15489222,13002.859673702143,5.2025490163380585e-05,12816.471096739568,4.023539904856155e-06,537.0,39991.37914580991,0.01763523192466613,0.057972872473815495,0.0013081334084509607,0.22485806215346704,0.12856068870759663,32.0,5.656854249492381
653,77689456.915928,13002.859869655158,5.1920342992302425e-05,12816.471094281287,4.2662351272434686e-06,575.0,39991.37469304405,0.021765905788764382,0.056168281510397156,0.001332296810802924,1.0042069547787729,0.27622508731376927,100.0,10.0
654,77689452.2592446,13002.8600687004,6.200187954048105e-05,12816.471096971849,4.483516908212971e-06,643.0,39991.347042612404,0.002744666997700449,0.05391695727856172,0.001171703018912185,1.0374326596045216,0.31787892375441973,118.0,10.862780491200215
655,77689447.59633079,13002.860275299607,5.9701169566898666e-05,12816.47109748458,4.631331118946906e-06,569.0,39991.3415483299,0.0030840003215617372,0.053362238816549765,0.0012279839720089718,0.2307775608550232,0.09106925505157788,96.0,9.797958971132712
656,77689443.23804149,13002.86047511718,5.7074519509790787e-05,12816.471096588806,2.994971402683316e-06,573.0,39991.3352415354,0.002298255449698471,0.05277411391920509,0.0011785312862384754,0.06900420411653217,0.037101716360637416,43.0,6.557438524302
657,77689438.86386746,13002.86067492775,5.7576755549612464e-05,12816.471094493038,4.2668910172096175e-06,570.0,39991.32580000031,0.0,0.051444558816310854,0.0011043375624241816,0.042142184042217305,0.031891146413924175,69.0,8.306623862918075
658,77689434.33779848,13002.860871875288,6.131879423380322e-05,12816.471094227605,3.7738463344048906e-06,615.0,39991.34726487839,0.006932153916663849,0.05031576688294302,0.0011441029757235878,0.02743934508371658,0.031664966479645854,80.0,8.94427190999916
659,77689429.68141304,13002.861066793994,5.94350052924641e-05,12816.47109620939,4.498717850526531e-06,613.0,39991.329555138764,0.009643536929314212,0.04933795719060622,0.0012918088524066184,0.030256253680335334,0.031145124527466525,81.0,9.0
660,77689425.16508622,13002.861267237924,5.745943697212433e-05,12816.471096406163,2.257456211721991e-06,575.0,39991.33649304362,0.0075488850696380965,0.04858458284448242,0.0010811651402852296,0.024280364766651782,0.029687032714412923,55.0,7.416198487095663
661,77689420.50493014,13002.861467063844,6.113051521753742e-05,12816.47109456651,4.349855947986953e-06,644.0,39991.32887298165,0.010249469120026116,0.048154644605536416,0.001342230669982713,0.022978720845878518,0.0319756411543556,132.0,11.489125293076057
662,77689415.85604765,13002.861674033331,5.411915162079489e-05,12816.471094839371,3.869955962941544e-06,572.0,39991.3836589163,0.06168547593915743,0.045977188010641226,0.0012199821513422745,0.024632383014990336,0.03054849185624437,121.0,11.0
663,77689411.49210903,13002.861875969817,5.884545834117272e-05,12816.471094166563,5.823283647557321e-06,572.0,39991.4200124124,0.03336347726750245,0.04455508274840779,0.0013335267408261025,0.017238355775479896,0.030779783238121108,93.0,9.643650760992955
664,77689407.09344135,13002.862073880313,5.852322646408727e-05,12816.471097280408,4.222429621194438e-06,573.0,39991.374733856894,0.0030475781936779417,0.04257153941098864,0.0012864719237545175,0.024679003430543668,0.030938892241071003,68.0,8.246211251235321
665,77689402.70857115,13002.862271587077,5.944855644158885e-05,12816.471097912785,3.913329567178917e-06,575.0,39991.3803551308,0.005352849769773767,0.041594674581819674,0.0010757679694129829,0.026281976096074487,0.0287970209348614,144.0,12.0
666,77689398.19391364,13002.862477649745,6.070051891550683e-05,12816.471097642347,4.520582906006565e-06,608.0,39991.34650000057,0.0,0.0409537434993437,0.0012825625207945027,0.01885645562084956,0.02997634146323229,146.0,12.083045973594572
667,77689393.71103865,13002.862677697887,5.481574908892585e-05,12816.471098040727,2.6049165705495736e-06,573.0,39991.3809102965,0.010648829447845625,0.03917890928387545,0.001036154292969475,0.02759459875555104,0.03119165373609136,104.0,10.198039027185569
668,77689389.185929,13002.862880156812,5.9489972442824506e-05,12816.471098738471,3.363411584298266e-06,614.0,39991.34691889226,0.020558921048813607,0.03915671490060435,0.0012514363867024937,0.017868399955879747,0.029335604452208605,118.0,10.862780491200215
669,77689384.63713337,13002.863079197292,5.772300029034901e-05,12816.471098155469,3.539414958565344e-06,576.0,39991.376016666814,0.028157939653955844,0.03716248112780971,0.001116487763104513,0.029232181411400087,0.030274097597836745,278.0,16.673332000533065
670,77689380.13491173,13002.863271954153,5.659131359916199e-05,12816.471098170998,3.93072932064709e-06,600.0,39991.357668499564,0.03539254693088664,0.03677317861499971,0.0011806160379065637,0.018790568603325526,0.029157899358623427,284.0,16.852299546352718
671,77689375.49161564,13002.863478824549,6.074579026585573e-05,12816.47109792216,2.3807496609808303e-06,608.0,39991.32954046093,0.005420265903577463,0.0360230375869792,0.0011380168673577353,0.02817686391033676,0.02940607188145589,267.0,16.34013463836819
672,77689370.98114066,13002.863679060927,5.6862128235498296e-05,12816.471097455846,4.466850150372756e-06,575.0,39991.3433133912,0.011623942530856086,0.0356499060609583,0.0012333720882835187,0.01764112466434891,0.03048460384073366,197.0,14.035668847618199
673,77689366.60562979,13002.86387026496,5.149307638540407e-05,12816.471096232468,3.5234598640408633e-06,584.0,39991.35748664427,0.007980051865881098,0.03545754070814826,0.001058153804355418,0.024750414558106393,0.03245984503409534,308.0,17.549928774784245
674,77689362.06013033,13002.864067511306,5.8915118982178955e-05,12816.471094690232,4.07244376531396e-06,606.0,39991.33878052861,0.0022714579105051393,0.03472459526007634,0.0011262583332371054,0.021480543992493266,0.029793689982815154,358.0,18.920887928424502
675,77689357.28592472,13002.864275441392,5.7829096785286035e-05,12816.47109677388,2.7200316797181014e-06,640.0,39991.35017156274,0.006391147342547524,0.03476882917042888,0.0011604435181367147,0.025433895021690793,0.030517296705273703,263.0,16.217274740226856
676,77689352.50272429,13002.864480717182,5.4574008551385684e-05,12816.471095522984,3.680672118967455e-06,609.0,39991.410900000235,0.0,0.03451049040458407,0.0012633342536466107,0.01628700525016584,0.029719757401526263,228.0,15.0996688705415
677,77689347.97714293,13002.864676236253,5.779077307223327e-05,12816.471095388324,3.921765489399038e-06,570.0,39991.41235122818,0.000465060686094282,0.03375388856919701,0.0011062836388601972,0.030077373145618112,0.030105741116749307,311.0,17.635192088548397
678,77689343.61460254,13002.864874102832,5.421378712500836e-05,12816.471095449853,3.6847341558562397e-06,570.0,39991.374324562115,0.022317979069019476,0.034311915646920134,0.0010220859333457983,0.016684723319724735,0.03178271621456991,196.0,14.0
679,77689339.10900782,13002.865075149895,5.984927252321948e-05,12816.47109580077,5.53416172339441e-06,611.0,39991.350877086676,0.008534681353730606,0.03372900654020384,0.001093105135977388,0.02555366633097765,0.030012784950701206,179.0,13.379088160259652
680,77689334.43831903,13002.865273263338,5.638764925218774e-05,12816.471096579557,5.529140849584543e-06,613.0,39991.36179722641,0.017251931083443313,0.03448888139288185,0.0010810327609317768,0.01772846951499447,0.031848824956449986,124.0,11.135528725660043
681,77689329.76705931,13002.865477318273,5.487303767509204e-05,12816.47109370062,4.023325391912641e-06,608.0,39991.352056743934,0.03019663706209045,0.03440489611529327,0.0010607000224418417,0.027349669570787483,0.031246949239624074,126.0,11.224972160321824
682,77689325.10694784,13002.865672403706,5.4747238013579036e-05,12816.471096247406,4.29501690909344e-06,603.0,39991.32584892198,0.011729318899993488,0.03453444088396214,0.0010787424951195,0.016993682785874414,0.03093102123368166,130.0,11.40175425099138
683,77689320.2937284,13002.865871950075,5.901473420783283e-05,12816.471098310158,4.307071706658993e-06,653.0,39991.375439816664,0.05158069537639574,0.03418912602377294,0.0011641869824026978,0.026484202333624172,0.03197250934571045,89.0,9.433981132056603
684,77689315.58989623,13002.866078656953,5.5460733581465505e-05,12816.47109662263,3.596798634366395e-06,574.0,39991.436941463995,0.04017233977031031,0.03382318728476877,0.0011151264319315287,0.020794918310673906,0.033766967065988925,107.0,10.344080432788601
685,77689310.93655153,13002.866271132587,5.7378865158005856e-05,12816.471098323298,3.598796838720006e-06,640.0,39991.34923750023,0.003607655726941909,0.03330046451842852,0.0011895114914376064,0.022798342382436575,0.032025623153986243,137.0,11.704699910719626
686,77689305.99164844,13002.866476887677,5.4788158828842024e-05,12816.47109498059,2.7211080231392942e-06,650.0,39991.34514646117,0.016785782414619498,0.032531076389789804,0.0011672005545331169,0.026567320238621652,0.02982125257196542,84.0,9.16515138991168
687,77689301.21043766,13002.866676465488,5.9912616320939974e-05,12816.471096040843,2.7924283487682335e-06,611.0,39991.39645090036,0.0028574742353350887,0.03309106512893422,0.0010833305222594128,0.017046165834148648,0.0310416822571633,86.0,9.273618495495704
688,77689296.52050671,13002.866882794422,5.769778335376038e-05,12816.471098889173,2.792561723595474e-06,611.0,39991.37310000033,0.0,0.03250157496419355,0.0011625412912882574,0.027086879123532245,0.03273649616409934,72.0,8.48528137423857
689,77689291.86370485,13002.867079448273,5.687677294590105e-05,12816.47109867922,2.4810718802094635e-06,609.0,39991.368855008644,0.0012286112330826134,0.032073490831796385,0.0010780728138358898,0.020435629741723825,0.03133308381414248,87.0,9.327379053088816
690,77689287.35214715,13002.86727929231,5.5968432135608455e-05,12816.47109832851,3.222109019117308e-06,580.0,39991.43118241408,0.029667721178164096,0.031941270642222325,0.0009592287308546587,0.02454431270737435,0.030659859154029828,60.0,7.745966692414834
691,77689282.97631,13002.86747348033,5.739506461735333e-05,12816.471099406566,2.883796244671691e-06,560.0,39991.41680017864,0.02045065486342808,0.032279679791639926,0.0012123070238444996,0.017229951796011538,0.03144155041982201,71.0,8.426149773176359
692,77689278.32600431,13002.867667020912,6.0783439013964475e-05,12816.47109568718,4.073639686726114e-06,645.0,39991.39455969001,0.0068204173744005146,0.03212106115992312,0.0011297786153047092,0.026961192986070987,0.030502256061134752,83.0,9.1104335791443
693,77689273.38153107,13002.867878508032,5.6977954016972145e-05,12816.471097045765,3.371487173032772e-06,644.0,39991.362183074496,0.025042255605463068,0.03219489345417734,0.0011671138356708468,0.017106500844437034,0.031234012150045246,77.0,8.774964387392123
694,77689268.4505322,13002.868078389545,5.455916969417232e-05,12816.471097628626,2.241926626792805e-06,646.0,39991.36779179604,0.03006809652300742,0.03213401800876847,0.001227190085920507,0.02098399962014702,0.03038104266775213,72.0,8.48528137423857
695,77689263.4510351,13002.868278232867,6.144725940940202e-05,12816.47109696281,5.3153292387701276e-06,653.0,39991.3784120983,0.0208481389929974,0.03146500024313548,0.0011261888437966638,0.02742666521314867,0.029821585954832617,65.0,8.06225774829855
696,77689258.80482498,13002.868478741724,5.7318760037986976e-05,12816.471095814957,4.444783698039955e-06,567.0,39991.3763994706,0.025903200802265137,0.03158918757762895,0.0011124287464156376,0.018129157997869044,0.030308226200647322,89.0,9.433981132056603
697,77689254.16323532,13002.868672016148,5.897354374778381e-05,12816.471093746384,4.712845382952285e-06,650.0,39991.422369999615,0.018298558267115867,0.03158274552724308,0.0010780647682307103,0.025618989376115057,0.029760618079957356,72.0,8.48528137423857
698,77689249.18399984,13002.868871302202,5.739877723649518e-05,12816.47109877145,4.270971394536472e-06,651.0,39991.41672365629,0.05394087043760277,0.03208755124883743,0.0010075911222853918,0.017738416627459275,0.030251753761596705,77.0,8.774964387392123
699,77689244.23867032,13002.869068720689,5.804072409963822e-05,12816.471097629725,4.795071065344732e-06,644.0,39991.36033664645,0.05245598578317155,0.031460929798125446,0.0011909724506532846,0.022262633825356506,0.031608211945073315,101.0,10.04987562112089
700,77689239.15468287,13002.869266888569,6.018313699124184e-05,12816.471099050683,4.244507957735272e-06,691.0,39991.43645629481,0.02555747599268431,0.031785247554445256,0.001061950986953694,0.025574608894718708,0.030164350497098806,148.0,12.165525060596439
701,77689233.72771463,13002.869476401118,5.703082113839586e-05,12816.47109774652,4.284358856306833e-06,727.0,39991.39007620419,0.004218165222336928,0.03206523531654747,0.0010699672228379822,0.02492559659908012,0.030799745290508926,98.0,9.899494936611665
702,77689228.50451924,13002.86967861938,5.695616058685521e-05,12816.471098333446,5.016247613340887e-06,641.0,39991.38983728504,0.00783146885981535,0.03214272331457352,0.0010592622778274189,0.015865557029575993,0.031130239221515418,70.0,8.366600265340756
703,77689223.43876022,13002.869873306647,5.6871641301753493e-05,12816.471097805175,3.3014961546708805e-06,687.0,39991.40069999947,0.0,0.0315176651673896,0.0011627930871100786,0.024505755919054628,0.0312728648659277,73.0,8.54400374531753
704,77689219.9686574,13002.869989470459,7.639097766271789e-06,12816.471095499763,3.792105851685243e-06,226.0,39991.400700000035,0.0,0.031451428738227684,0.0011365802244713084,0.02712730754773645,0.029750390306193083,28.0,5.291502622129181
